 5.000000000000000e+01  4.223004267899148e-02
 4.995000000000000e+01  3.770920452958948e-02
 4.990000000000000e+01  3.342507284826325e-02
 4.985000000000000e+01  2.882082642979297e-02
 4.980000000000000e+01  2.418096994926278e-02
 4.975000000000000e+01  1.951050987326187e-02
 4.970000000000000e+01  1.510266361487171e-02
 4.965000000000000e+01  1.038696844604243e-02
 4.960000000000000e+01  5.655564169522586e-03
 4.955000000000000e+01  9.135651605780636e-04
 4.950000000000000e+01 -3.833900626896728e-03
 4.945000000000000e+01 -8.581697197863008e-03
 4.940000000000000e+01 -1.303624264132262e-02
 4.935000000000000e+01 -1.777033138633928e-02
 4.930000000000000e+01 -2.248965969843457e-02
 4.925000000000000e+01 -2.718911290160166e-02
 4.920000000000000e+01 -3.186359563663098e-02
 4.915000000000000e+01 -3.622772020605645e-02
 4.910000000000000e+01 -4.083963083974553e-02
 4.905000000000000e+01 -4.541175242306896e-02
 4.900000000000000e+01 -4.993911799459799e-02
 4.895000000000000e+01 -5.441680676193724e-02
 4.890000000000000e+01 -5.883994941043336e-02
 4.885000000000000e+01 -6.320373335591616e-02
 4.880000000000000e+01 -6.724675808628140e-02
 4.875000000000000e+01 -7.148216611307351e-02
 4.870000000000000e+01 -7.564443551532740e-02
 4.865000000000000e+01 -7.972902623825420e-02
 4.860000000000000e+01 -8.373147991644310e-02
 4.855000000000000e+01 -8.764742468221788e-02
 4.850000000000000e+01 -9.147257988059553e-02
 4.845000000000000e+01 -9.498279359537305e-02
 4.840000000000000e+01 -9.862016350359019e-02
 4.835000000000000e+01 -1.021547164778778e-01
 4.830000000000000e+01 -1.055825744871311e-01
 4.825000000000000e+01 -1.088999724972649e-01
 4.820000000000000e+01 -1.121032625328835e-01
 4.815000000000000e+01 -1.151889176130600e-01
 4.810000000000000e+01 -1.181535355570401e-01
 4.805000000000000e+01 -1.208291737540931e-01
 4.800000000000000e+01 -1.235498241381850e-01
 4.795000000000000e+01 -1.261401736188446e-01
 4.790000000000000e+01 -1.285973457177396e-01
 4.785000000000000e+01 -1.309186055545782e-01
 4.780000000000000e+01 -1.331013628031009e-01
 4.775000000000000e+01 -1.351431744921350e-01
 4.770000000000000e+01 -1.370417476487962e-01
 4.765000000000000e+01 -1.387949417810453e-01
 4.760000000000000e+01 -1.404007711970278e-01
 4.755000000000000e+01 -1.418574071587693e-01
 4.750000000000000e+01 -1.431631798679803e-01
 4.745000000000000e+01 -1.443165802819248e-01
 4.740000000000000e+01 -1.452621122936943e-01
 4.735000000000000e+01 -1.461160184546580e-01
 4.730000000000000e+01 -1.468140409133548e-01
 4.725000000000000e+01 -1.473553184618967e-01
 4.720000000000000e+01 -1.477391571101136e-01
 4.715000000000000e+01 -1.479650308594971e-01
 4.710000000000000e+01 -1.480325822979558e-01
 4.705000000000000e+01 -1.479416230148079e-01
 4.700000000000000e+01 -1.476921338356309e-01
 4.695000000000000e+01 -1.472842648767825e-01
 4.690000000000000e+01 -1.467183354195946e-01
 4.685000000000000e+01 -1.459948336044381e-01
 4.680000000000000e+01 -1.451144159450417e-01
 4.675000000000000e+01 -1.440779066636461e-01
 4.670000000000000e+01 -1.428862968477584e-01
 4.665000000000000e+01 -1.415407434294628e-01
 4.660000000000000e+01 -1.400425679884339e-01
 4.655000000000000e+01 -1.383932553799795e-01
 4.650000000000000e+01 -1.365944521896314e-01
 4.645000000000000e+01 -1.346479650159791e-01
 4.640000000000000e+01 -1.325557585836254e-01
 4.635000000000000e+01 -1.303199536883302e-01
 4.630000000000000e+01 -1.279428249765613e-01
 4.625000000000000e+01 -1.254267985618747e-01
 4.620000000000000e+01 -1.227744494806994e-01
 4.615000000000000e+01 -1.199884989902742e-01
 4.610000000000000e+01 -1.170718117116473e-01
 4.605000000000000e+01 -1.140273926208261e-01
 4.600000000000000e+01 -1.108583838912986e-01
 4.595000000000000e+01 -1.075680615913175e-01
 4.590000000000000e+01 -1.041598322395051e-01
 4.585000000000000e+01 -1.006372292224470e-01
 4.580000000000000e+01 -9.700390907810900e-02
 4.575000000000000e+01 -9.304966385121828e-02
 4.570000000000000e+01 -8.920090071244828e-02
 4.565000000000000e+01 -8.525333068630440e-02
 4.560000000000000e+01 -8.121106834504281e-02
 4.555000000000000e+01 -7.707833068870332e-02
 4.550000000000000e+01 -7.285943270691604e-02
 4.545000000000000e+01 -6.855878283731481e-02
 4.540000000000000e+01 -6.418087832540222e-02
 4.535000000000000e+01 -5.973030049078430e-02
 4.530000000000000e+01 -5.521170990477690e-02
 4.525000000000000e+01 -5.062984148453562e-02
 4.520000000000000e+01 -4.572941422618224e-02
 4.515000000000000e+01 -4.103291680627389e-02
 4.510000000000000e+01 -3.628802394381225e-02
 4.505000000000000e+01 -3.149971932160627e-02
 4.500000000000000e+01 -2.667303506594817e-02
 4.495000000000000e+01 -2.181304645035753e-02
 4.490000000000000e+01 -1.692486655401238e-02
 4.485000000000000e+01 -1.201364088046784e-02
 4.480000000000000e+01 -6.812023849050962e-03
 4.475000000000000e+01 -1.870002194671039e-03
 4.470000000000000e+01  3.079199928686453e-03
 4.465000000000000e+01  8.030362267201009e-03
 4.460000000000000e+01  1.297825974914534e-02
 4.455000000000000e+01  1.791766798280495e-02
 4.450000000000000e+01  2.311294516466497e-02
 4.445000000000000e+01  2.801824310185153e-02
 4.440000000000000e+01  3.289915702148936e-02
 4.435000000000000e+01  3.775052247821504e-02
 4.430000000000000e+01  4.256720335906726e-02
 4.425000000000000e+01  4.734409728707484e-02
 4.420000000000000e+01  5.233244714425205e-02
 4.415000000000000e+01  5.701147630402831e-02
 4.410000000000000e+01  6.163540528671384e-02
 4.405000000000000e+01  6.619932394609848e-02
 4.400000000000000e+01  7.094031680944905e-02
 4.395000000000000e+01  7.536555005874790e-02
 4.390000000000000e+01  7.971618121228603e-02
 4.385000000000000e+01  8.398757704398548e-02
 4.380000000000000e+01  8.817518492420839e-02
 4.375000000000000e+01  9.249288391670554e-02
 4.370000000000000e+01  9.649424572999880e-02
 4.365000000000000e+01  1.003984769405778e-01
 4.360000000000000e+01  1.042014005363209e-01
 4.355000000000000e+01  1.080942470155462e-01
 4.350000000000000e+01  1.116762508345774e-01
 4.345000000000000e+01  1.151448667377764e-01
 4.340000000000000e+01  1.186721623249112e-01
 4.335000000000000e+01  1.218961867947363e-01
 4.330000000000000e+01  1.249958331198368e-01
 4.325000000000000e+01  1.279677521110379e-01
 4.320000000000000e+01  1.309561614666138e-01
 4.315000000000000e+01  1.336557309771410e-01
 4.310000000000000e+01  1.362181932132299e-01
 4.305000000000000e+01  1.387652420709670e-01
 4.300000000000000e+01  1.410374852783915e-01
 4.295000000000000e+01  1.431645628579875e-01
 4.290000000000000e+01  1.452445708500744e-01
 4.285000000000000e+01  1.470663614106944e-01
 4.280000000000000e+01  1.487363282165396e-01
 4.275000000000000e+01  1.503281315069800e-01
 4.270000000000000e+01  1.516806914226239e-01
 4.265000000000000e+01  1.528762347010976e-01
 4.260000000000000e+01  1.539633904697764e-01
 4.255000000000000e+01  1.548324729940637e-01
 4.250000000000000e+01  1.555734903859674e-01
 4.245000000000000e+01  1.561118070445869e-01
 4.240000000000000e+01  1.564878356110124e-01
 4.235000000000000e+01  1.567076895562242e-01
 4.230000000000000e+01  1.567492078043475e-01
 4.225000000000000e+01  1.566165616238428e-01
 4.220000000000000e+01  1.563228819770412e-01
 4.215000000000000e+01  1.558660218832291e-01
 4.210000000000000e+01  1.552097677095329e-01
 4.205000000000000e+01  1.544193764862431e-01
 4.200000000000000e+01  1.534137762481823e-01
 4.195000000000000e+01  1.522928026010536e-01
 4.190000000000000e+01  1.509418028853239e-01
 4.185000000000000e+01  1.494946404050914e-01
 4.180000000000000e+01  1.478904506098991e-01
 4.175000000000000e+01  1.460361643259256e-01
 4.170000000000000e+01  1.441149321208035e-01
 4.165000000000000e+01  1.419315334693449e-01
 4.160000000000000e+01  1.397011506987521e-01
 4.155000000000000e+01  1.371977295700340e-01
 4.150000000000000e+01  1.346674395977618e-01
 4.145000000000000e+01  1.318544827560242e-01
 4.140000000000000e+01  1.290348402812866e-01
 4.135000000000000e+01  1.259241854700455e-01
 4.130000000000000e+01  1.228270106955158e-01
 4.125000000000000e+01  1.194317949412161e-01
 4.120000000000000e+01  1.158963807506376e-01
 4.115000000000000e+01  1.124047246489168e-01
 4.110000000000000e+01  1.086069725319036e-01
 4.105000000000000e+01  1.048727252670636e-01
 4.100000000000000e+01  1.008287706532269e-01
 4.095000000000000e+01  9.686775562107472e-02
 4.090000000000000e+01  9.259480916881475e-02
 4.085000000000000e+01  8.821168432624855e-02
 4.080000000000000e+01  8.394011720839671e-02
 4.075000000000000e+01  7.935591466464588e-02
 4.070000000000000e+01  7.490156748427425e-02
 4.065000000000000e+01  7.013585883389770e-02
 4.060000000000000e+01  6.528517128185345e-02
 4.055000000000000e+01  6.059086897249217e-02
 4.050000000000000e+01  5.558976186340636e-02
 4.045000000000000e+01  5.052001884725232e-02
 4.040000000000000e+01  4.563159973953788e-02
 4.035000000000000e+01  4.044402867888857e-02
 4.030000000000000e+01  3.520484965766241e-02
 4.025000000000000e+01  3.017011159839813e-02
 4.020000000000000e+01  2.484687971205813e-02
 4.015000000000000e+01  1.948958496342573e-02
 4.010000000000000e+01  1.435781513278339e-02
 4.005000000000000e+01  8.951094088116453e-03
 4.000000000000000e+01  3.528199918778516e-03
 3.995000000000000e+01 -1.650309178847434e-03
 3.990000000000000e+01 -7.087491658425598e-03
 3.985000000000000e+01 -1.252278840852925e-02
 3.980000000000000e+01 -1.795007786209598e-02
 3.975000000000000e+01 -2.311151199084773e-02
 3.970000000000000e+01 -2.850585508235143e-02
 3.965000000000000e+01 -3.387418343409256e-02
 3.960000000000000e+01 -3.921044783930239e-02
 3.955000000000000e+01 -4.426400836499424e-02
 3.950000000000000e+01 -4.952062500496249e-02
 3.945000000000000e+01 -5.472753645952497e-02
 3.940000000000000e+01 -5.987887145407422e-02
 3.935000000000000e+01 -6.496882033445631e-02
 3.930000000000000e+01 -6.999164152818882e-02
 3.925000000000000e+01 -7.471565449492307e-02
 3.920000000000000e+01 -7.959130973054175e-02
 3.915000000000000e+01 -8.438332523749274e-02
 3.910000000000000e+01 -8.908628928195249e-02
 3.905000000000000e+01 -9.369488889978762e-02
 3.900000000000000e+01 -9.820391577009074e-02
 3.895000000000000e+01 -1.026082719668695e-01
 3.890000000000000e+01 -1.069029755826577e-01
 3.885000000000000e+01 -1.108953904354335e-01
 3.880000000000000e+01 -1.149620997769504e-01
 3.875000000000000e+01 -1.189051529318036e-01
 3.870000000000000e+01 -1.227200784091157e-01
 3.865000000000000e+01 -1.264025465422366e-01
 3.860000000000000e+01 -1.299483742317269e-01
 3.855000000000000e+01 -1.333535295217177e-01
 3.850000000000000e+01 -1.366141360048207e-01
 3.845000000000000e+01 -1.397264770510038e-01
 3.840000000000000e+01 -1.426869998559988e-01
 3.835000000000000e+01 -1.454923193050505e-01
 3.830000000000000e+01 -1.481392216480337e-01
 3.825000000000000e+01 -1.506246679821407e-01
 3.820000000000000e+01 -1.529457975386044e-01
 3.815000000000000e+01 -1.550999307701204e-01
 3.810000000000000e+01 -1.570845722358626e-01
 3.805000000000000e+01 -1.588974132812186e-01
 3.800000000000000e+01 -1.605363345095954e-01
 3.795000000000000e+01 -1.619994080438913e-01
 3.790000000000000e+01 -1.632848995754477e-01
 3.785000000000000e+01 -1.644361749096357e-01
 3.780000000000000e+01 -1.653540014890745e-01
 3.775000000000000e+01 -1.660901970541230e-01
 3.770000000000000e+01 -1.666438267708122e-01
 3.765000000000000e+01 -1.670141563616345e-01
 3.760000000000000e+01 -1.672006528371006e-01
 3.755000000000000e+01 -1.672029850063196e-01
 3.750000000000000e+01 -1.670088006831913e-01
 3.745000000000000e+01 -1.666345557792986e-01
 3.740000000000000e+01 -1.660764038200906e-01
 3.735000000000000e+01 -1.653348302374350e-01
 3.730000000000000e+01 -1.644105214219423e-01
 3.725000000000000e+01 -1.632519554315277e-01
 3.720000000000000e+01 -1.619572536498617e-01
 3.715000000000000e+01 -1.604831537079980e-01
 3.710000000000000e+01 -1.588311437080284e-01
 3.705000000000000e+01 -1.569195757890796e-01
 3.700000000000000e+01 -1.549095856313648e-01
 3.695000000000000e+01 -1.527274233437700e-01
 3.690000000000000e+01 -1.503753507791518e-01
 3.685000000000000e+01 -1.477433024934035e-01
 3.680000000000000e+01 -1.450520422806595e-01
 3.675000000000000e+01 -1.421989038428501e-01
 3.670000000000000e+01 -1.390538587222133e-01
 3.665000000000000e+01 -1.358796880603992e-01
 3.660000000000000e+01 -1.324073261908041e-01
 3.655000000000000e+01 -1.289261490991810e-01
 3.650000000000000e+01 -1.253001168450404e-01
 3.645000000000000e+01 -1.213691368094955e-01
 3.640000000000000e+01 -1.174595289625350e-01
 3.635000000000000e+01 -1.132422262380951e-01
 3.630000000000000e+01 -1.090663952616831e-01
 3.625000000000000e+01 -1.047667930133678e-01
 3.620000000000000e+01 -1.001580617661638e-01
 3.615000000000000e+01 -9.562027301947711e-02
 3.610000000000000e+01 -9.077419257769737e-02
 3.605000000000000e+01 -8.601840286307334e-02
 3.600000000000000e+01 -8.095658819209810e-02
 3.595000000000000e+01 -7.579347392057902e-02
 3.590000000000000e+01 -7.074899474023998e-02
 3.585000000000000e+01 -6.540459791916825e-02
 3.580000000000000e+01 -6.019690504429556e-02
 3.575000000000000e+01 -5.469506494429337e-02
 3.570000000000000e+01 -4.934735241126836e-02
 3.565000000000000e+01 -4.371260872528715e-02
 3.560000000000000e+01 -3.801986774888036e-02
 3.555000000000000e+01 -3.250618025875474e-02
 3.550000000000000e+01 -2.671868243063770e-02
 3.545000000000000e+01 -2.089292752476636e-02
 3.540000000000000e+01 -1.526927594359390e-02
 3.535000000000000e+01 -9.387857888197479e-03
 3.530000000000000e+01 -3.488299677669157e-03
 3.525000000000000e+01  2.422553634707867e-03
 3.520000000000000e+01  8.103775418733136e-03
 3.515000000000000e+01  1.401720629857266e-02
 3.510000000000000e+01  1.992163300988894e-02
 3.505000000000000e+01  2.581021259167107e-02
 3.500000000000000e+01  3.144582345582825e-02
 3.495000000000000e+01  3.728388391008516e-02
 3.490000000000000e+01  4.308598283618031e-02
 3.485000000000000e+01  4.884540273650231e-02
 3.480000000000000e+01  5.455547726158511e-02
 3.475000000000000e+01  6.020959881012805e-02
 3.470000000000000e+01  6.580122604750108e-02
 3.465000000000000e+01  7.132389133434208e-02
 3.460000000000000e+01  7.656079081281854e-02
 3.455000000000000e+01  8.193005271408048e-02
 3.450000000000000e+01  8.721169391918868e-02
 3.445000000000000e+01  9.239960864088094e-02
 3.440000000000000e+01  9.748780005882994e-02
 3.435000000000000e+01  1.024703870480727e-01
 3.430000000000000e+01  1.073416107632482e-01
 3.425000000000000e+01  1.120958410715270e-01
 3.420000000000000e+01  1.169031482685805e-01
 3.415000000000000e+01  1.214017779577082e-01
 3.410000000000000e+01  1.257671761109906e-01
 3.405000000000000e+01  1.299942953370304e-01
 3.400000000000000e+01  1.340782467920516e-01
 3.395000000000000e+01  1.380143055584400e-01
 3.390000000000000e+01  1.417979158279708e-01
 3.385000000000000e+01  1.455595511065549e-01
 3.380000000000000e+01  1.490188999098551e-01
 3.375000000000000e+01  1.523130657611899e-01
 3.370000000000000e+01  1.554382248919802e-01
 3.365000000000000e+01  1.583907455605610e-01
 3.360000000000000e+01  1.612685632705113e-01
 3.355000000000000e+01  1.638587254225841e-01
 3.350000000000000e+01  1.662664540224968e-01
 3.345000000000000e+01  1.685688446076931e-01
 3.340000000000000e+01  1.705962393276693e-01
 3.335000000000000e+01  1.724333106673004e-01
 3.330000000000000e+01  1.741356740623512e-01
 3.325000000000000e+01  1.755784031360827e-01
 3.320000000000000e+01  1.768675922400192e-01
 3.315000000000000e+01  1.779088868904159e-01
 3.310000000000000e+01  1.787786049807869e-01
 3.305000000000000e+01  1.794132460044395e-01
 3.300000000000000e+01  1.798591519788905e-01
 3.295000000000000e+01  1.800838122524329e-01
 3.290000000000000e+01  1.801035350258236e-01
 3.285000000000000e+01  1.799167898077405e-01
 3.280000000000000e+01  1.795099335506074e-01
 3.275000000000000e+01  1.788864302182774e-01
 3.270000000000000e+01  1.780804022218303e-01
 3.265000000000000e+01  1.770334740871890e-01
 3.260000000000000e+01  1.757726734331280e-01
 3.255000000000000e+01  1.743550204450967e-01
 3.250000000000000e+01  1.726783825711947e-01
 3.245000000000000e+01  1.707928802513166e-01
 3.240000000000000e+01  1.687007035411896e-01
 3.235000000000000e+01  1.664882340698377e-01
 3.230000000000000e+01  1.639971303751192e-01
 3.225000000000000e+01  1.613072447927963e-01
 3.220000000000000e+01  1.584217143487058e-01
 3.215000000000000e+01  1.553439052581087e-01
 3.210000000000000e+01  1.520774085499438e-01
 3.205000000000000e+01  1.486260354386410e-01
 3.200000000000000e+01  1.449938124499066e-01
 3.195000000000000e+01  1.411849763071563e-01
 3.190000000000000e+01  1.372039685855108e-01
 3.185000000000000e+01  1.330554301405255e-01
 3.180000000000000e+01  1.287441953190239e-01
 3.175000000000000e+01  1.242752859596612e-01
 3.170000000000000e+01  1.196539051910221e-01
 3.165000000000000e+01  1.148854310352697e-01
 3.160000000000000e+01  1.099754098255545e-01
 3.155000000000000e+01  1.049295494455456e-01
 3.150000000000000e+01  9.957478225487348e-02
 3.145000000000000e+01  9.427114472748534e-02
 3.140000000000000e+01  8.884991566493211e-02
 3.135000000000000e+01  8.331738166623420e-02
 3.130000000000000e+01  7.748695842865164e-02
 3.125000000000000e+01  7.174825973645951e-02
 3.120000000000000e+01  6.591807239261445e-02
 3.115000000000000e+01  5.980206612971711e-02
 3.110000000000000e+01  5.380704083785259e-02
 3.105000000000000e+01  4.753602409045900e-02
 3.100000000000000e+01  4.140482116585410e-02
 3.095000000000000e+01  3.500877679619854e-02
 3.090000000000000e+01  2.877065521686514e-02
 3.085000000000000e+01  2.228010231648288e-02
 3.080000000000000e+01  1.575351969027436e-02
 3.075000000000000e+01  9.410625042117373e-03
 3.070000000000000e+01  2.836253856494520e-03
 3.065000000000000e+01 -3.750270448846931e-03
 3.060000000000000e+01 -1.012942223703294e-02
 3.055000000000000e+01 -1.671664551682425e-02
 3.050000000000000e+01 -2.329209216462584e-02
 3.045000000000000e+01 -2.984773342307447e-02
 3.040000000000000e+01 -3.637557415928273e-02
 3.035000000000000e+01 -4.266167115833330e-02
 3.030000000000000e+01 -4.911195522014911e-02
 3.025000000000000e+01 -5.551099336578208e-02
 3.020000000000000e+01 -6.185101650833925e-02
 3.015000000000000e+01 -6.812433597950164e-02
 3.010000000000000e+01 -7.432335259766096e-02
 3.005000000000000e+01 -8.044056559461302e-02
 3.000000000000000e+01 -8.665668380935108e-02
 2.995000000000000e+01 -9.258476481334335e-02
 2.990000000000000e+01 -9.840900563876542e-02
 2.985000000000000e+01 -1.041223906565147e-01
 2.980000000000000e+01 -1.097180450410331e-01
 2.975000000000000e+01 -1.153578391030197e-01
 2.970000000000000e+01 -1.206935427079080e-01
 2.965000000000000e+01 -1.258916313069149e-01
 2.960000000000000e+01 -1.311003693157289e-01
 2.955000000000000e+01 -1.359997205596819e-01
 2.950000000000000e+01 -1.408873114853938e-01
 2.945000000000000e+01 -1.454638300867489e-01
 2.940000000000000e+01 -1.500063345784860e-01
 2.935000000000000e+01 -1.542375674730430e-01
 2.930000000000000e+01 -1.584127991536410e-01
 2.925000000000000e+01 -1.623936165779355e-01
 2.920000000000000e+01 -1.660656591046476e-01
 2.915000000000000e+01 -1.696493041694431e-01
 2.910000000000000e+01 -1.730245140285706e-01
 2.905000000000000e+01 -1.761870989524648e-01
 2.900000000000000e+01 -1.791331407743709e-01
 2.895000000000000e+01 -1.818589968963912e-01
 2.890000000000000e+01 -1.843613039350801e-01
 2.885000000000000e+01 -1.866369810043153e-01
 2.880000000000000e+01 -1.886832326336325e-01
 2.875000000000000e+01 -1.904975513206723e-01
 2.870000000000000e+01 -1.920777197168674e-01
 2.865000000000000e+01 -1.934218124459419e-01
 2.860000000000000e+01 -1.945281975552620e-01
 2.855000000000000e+01 -1.954171405652355e-01
 2.850000000000000e+01 -1.960373837051902e-01
 2.845000000000000e+01 -1.964168001888552e-01
 2.840000000000000e+01 -1.965553505750686e-01
 2.835000000000000e+01 -1.964451210553846e-01
 2.830000000000000e+01 -1.960799723521459e-01
 2.825000000000000e+01 -1.954808353494714e-01
 2.820000000000000e+01 -1.946141068729747e-01
 2.815000000000000e+01 -1.935292412680423e-01
 2.810000000000000e+01 -1.921655466406036e-01
 2.805000000000000e+01 -1.905524604723967e-01
 2.800000000000000e+01 -1.886921402735976e-01
 2.795000000000000e+01 -1.866484898552806e-01
 2.790000000000000e+01 -1.843079376739861e-01
 2.785000000000000e+01 -1.817283573560584e-01
 2.780000000000000e+01 -1.789131137054250e-01
 2.775000000000000e+01 -1.758658628274203e-01
 2.770000000000000e+01 -1.725905463939400e-01
 2.765000000000000e+01 -1.689926327073627e-01
 2.760000000000000e+01 -1.652683808319843e-01
 2.755000000000000e+01 -1.613296943745549e-01
 2.750000000000000e+01 -1.571815997394869e-01
 2.745000000000000e+01 -1.527084774046634e-01
 2.740000000000000e+01 -1.481525654779217e-01
 2.735000000000000e+01 -1.432729802147697e-01
 2.730000000000000e+01 -1.383330088418424e-01
 2.725000000000000e+01 -1.330724083167644e-01
 2.720000000000000e+01 -1.276292029977030e-01
 2.715000000000000e+01 -1.221596431888874e-01
 2.710000000000000e+01 -1.163771714691067e-01
 2.705000000000000e+01 -1.104342205560092e-01
 2.700000000000000e+01 -1.043386260242210e-01
 2.695000000000000e+01 -9.809840131993586e-02
 2.690000000000000e+01 -9.172172658559108e-02
 2.685000000000000e+01 -8.521693734186780e-02
 2.680000000000000e+01 -7.859251304292676e-02
 2.675000000000000e+01 -7.185706552080127e-02
 2.670000000000000e+01 -6.484232592394985e-02
 2.665000000000000e+01 -5.790919018356030e-02
 2.660000000000000e+01 -5.071109101668046e-02
 2.655000000000000e+01 -4.361697232404995e-02
 2.650000000000000e+01 -3.627354463802239e-02
 2.645000000000000e+01 -2.905578836823905e-02
 2.640000000000000e+01 -2.160560604897884e-02
 2.635000000000000e+01 -1.240213754610004e-02
 2.630000000000000e+01 -4.876778371476606e-03
 2.625000000000000e+01  2.665330941004141e-03
 2.620000000000000e+01  1.021416870343809e-02
 2.615000000000000e+01  1.775972306146316e-02
 2.610000000000000e+01  2.529205196557976e-02
 2.605000000000000e+01  3.280122345605452e-02
 2.600000000000000e+01  4.027737849479109e-02
 2.595000000000000e+01  4.789115234346729e-02
 2.590000000000000e+01  5.527025613703195e-02
 2.585000000000000e+01  6.276367373146891e-02
 2.580000000000000e+01  7.018086478486736e-02
 2.575000000000000e+01  7.733976951718784e-02
 2.570000000000000e+01  8.457707636428358e-02
 2.565000000000000e+01  9.170867185749694e-02
 2.560000000000000e+01  9.872500627124364e-02
 2.555000000000000e+01  1.056167183834067e-01
 2.550000000000000e+01  1.123746469630539e-01
 2.545000000000000e+01  1.189898418536731e-01
 2.540000000000000e+01  1.256021321441092e-01
 2.535000000000000e+01  1.319018002846438e-01
 2.530000000000000e+01  1.381731460818202e-01
 2.525000000000000e+01  1.441235988893652e-01
 2.520000000000000e+01  1.500206688044207e-01
 2.515000000000000e+01  1.557163650683308e-01
 2.510000000000000e+01  1.612029474990748e-01
 2.505000000000000e+01  1.664733727241353e-01
 2.500000000000000e+01  1.715205276091542e-01
 2.495000000000000e+01  1.763377700370464e-01
 2.490000000000000e+01  1.809187978154480e-01
 2.485000000000000e+01  1.852576550499630e-01
 2.480000000000000e+01  1.894367367818909e-01
 2.475000000000000e+01  1.932689575810902e-01
 2.470000000000000e+01  1.969192921356193e-01
 2.465000000000000e+01  2.002950043907682e-01
 2.460000000000000e+01  2.033917635251856e-01
 2.455000000000000e+01  2.062056483338548e-01
 2.450000000000000e+01  2.087331497008639e-01
 2.445000000000000e+01  2.109711725451898e-01
 2.440000000000000e+01  2.129554223984493e-01
 2.435000000000000e+01  2.146004846675828e-01
 2.430000000000000e+01  2.159747470637462e-01
 2.425000000000000e+01  2.170196095821009e-01
 2.420000000000000e+01  2.177781583851756e-01
 2.415000000000000e+01  2.182245684205720e-01
 2.410000000000000e+01  2.183587482915776e-01
 2.405000000000000e+01  2.181810499551629e-01
 2.400000000000000e+01  2.176789432405251e-01
 2.395000000000000e+01  2.168739757019898e-01
 2.390000000000000e+01  2.157348420302750e-01
 2.385000000000000e+01  2.143095004557777e-01
 2.380000000000000e+01  2.125422647716158e-01
 2.375000000000000e+01  2.104623524564329e-01
 2.370000000000000e+01  2.080733902786627e-01
 2.365000000000000e+01  2.053228231383734e-01
 2.360000000000000e+01  2.023225432561649e-01
 2.355000000000000e+01  1.990267372332198e-01
 2.350000000000000e+01  1.953669762269221e-01
 2.345000000000000e+01  1.914117465793764e-01
 2.340000000000000e+01  1.871675341640784e-01
 2.335000000000000e+01  1.826412120122551e-01
 2.330000000000000e+01  1.778400266143786e-01
 2.325000000000000e+01  1.726719135159476e-01
 2.320000000000000e+01  1.673393691540033e-01
 2.315000000000000e+01  1.616472347423181e-01
 2.310000000000000e+01  1.557041992558851e-01
 2.305000000000000e+01  1.495197497514089e-01
 2.300000000000000e+01  1.431036738632007e-01
 2.295000000000000e+01  1.364660422155048e-01
 2.290000000000000e+01  1.294884453051135e-01
 2.285000000000000e+01  1.223035078377622e-01
 2.280000000000000e+01  1.149227065262131e-01
 2.275000000000000e+01  1.073577387739630e-01
 2.270000000000000e+01  9.962050254100960e-02
 2.265000000000000e+01  9.172307618899767e-02
 2.260000000000000e+01  8.353207706009938e-02
 2.255000000000000e+01  7.520149513585042e-02
 2.250000000000000e+01  6.674454588546515e-02
 2.245000000000000e+01  5.817454529125082e-02
 2.240000000000000e+01  4.950488818489291e-02
 2.235000000000000e+01  4.059573151737460e-02
 2.230000000000000e+01  3.161224884314843e-02
 2.225000000000000e+01  2.256867479327866e-02
 2.220000000000000e+01  1.347923079043131e-02
 2.215000000000000e+01  4.358109739175893e-03
 2.210000000000000e+01 -4.935441474569757e-03
 2.205000000000000e+01 -1.423166394147806e-02
 2.200000000000000e+01 -2.351588144599398e-02
 2.195000000000000e+01 -3.277356943354203e-02
 2.190000000000000e+01 -4.199035388318329e-02
 2.185000000000000e+01 -5.130236842364209e-02
 2.180000000000000e+01 -6.054202473786494e-02
 2.175000000000000e+01 -6.969494865756494e-02
 2.170000000000000e+01 -7.874691073174769e-02
 2.165000000000000e+01 -8.782644471497766e-02
 2.160000000000000e+01 -9.677245154054691e-02
 2.155000000000000e+01 -1.055710216113721e-01
 2.150000000000000e+01 -1.142086046961797e-01
 2.145000000000000e+01 -1.228030417116422e-01
 2.140000000000000e+01 -1.312038315875176e-01
 2.135000000000000e+01 -1.393980678403094e-01
 2.130000000000000e+01 -1.474936839757184e-01
 2.125000000000000e+01 -1.552340138699358e-01
 2.120000000000000e+01 -1.628439589255911e-01
 2.115000000000000e+01 -1.701917956477681e-01
 2.110000000000000e+01 -1.773701222734213e-01
 2.105000000000000e+01 -1.842559213196189e-01
 2.100000000000000e+01 -1.908390295988495e-01
 2.095000000000000e+01 -1.971098908105711e-01
 2.090000000000000e+01 -2.031438361425747e-01
 2.085000000000000e+01 -2.088380923226422e-01
 2.080000000000000e+01 -2.141847054965237e-01
 2.075000000000000e+01 -2.192449596219527e-01
 2.070000000000000e+01 -2.238697426126514e-01
 2.065000000000000e+01 -2.282423608553863e-01
 2.060000000000000e+01 -2.321679896285324e-01
 2.055000000000000e+01 -2.357513868297240e-01
 2.050000000000000e+01 -2.389311709634817e-01
 2.045000000000000e+01 -2.417388647297322e-01
 2.040000000000000e+01 -2.441253644209010e-01
 2.035000000000000e+01 -2.460888107114406e-01
 2.030000000000000e+01 -2.476280988826803e-01
 2.025000000000000e+01 -2.487548756448006e-01
 2.020000000000000e+01 -2.494522711642986e-01
 2.015000000000000e+01 -2.497034457607174e-01
 2.010000000000000e+01 -2.495170903973983e-01
 2.005000000000000e+01 -2.488789854057440e-01
 2.000000000000000e+01 -2.478090706478576e-01
 1.995000000000000e+01 -2.462622918348362e-01
 1.990000000000000e+01 -2.442936848280732e-01
 1.985000000000000e+01 -2.418598226057785e-01
 1.980000000000000e+01 -2.389898933816365e-01
 1.975000000000000e+01 -2.356482598129280e-01
 1.970000000000000e+01 -2.318768593464340e-01
 1.965000000000000e+01 -2.276313575142402e-01
 1.960000000000000e+01 -2.229659447344876e-01
 1.955000000000000e+01 -2.178918185860304e-01
 1.950000000000000e+01 -2.123532578775666e-01
 1.945000000000000e+01 -2.064214132691989e-01
 1.940000000000000e+01 -2.000335750006652e-01
 1.935000000000000e+01 -1.932717032831456e-01
 1.930000000000000e+01 -1.860667113271465e-01
 1.925000000000000e+01 -1.785106772877415e-01
 1.920000000000000e+01 -1.706199897772898e-01
 1.915000000000000e+01 -1.623169508750444e-01
 1.910000000000000e+01 -1.537069912634047e-01
 1.905000000000000e+01 -1.447077280920576e-01
 1.900000000000000e+01 -1.353294770316579e-01
 1.895000000000000e+01 -1.257951666650413e-01
 1.890000000000000e+01 -1.158081926404421e-01
 1.885000000000000e+01 -1.057053451952832e-01
 1.880000000000000e+01 -9.528980081547095e-02
 1.875000000000000e+01 -8.457723010191041e-02
 1.870000000000000e+01 -7.369907032872403e-02
 1.865000000000000e+01 -6.256147234908371e-02
 1.860000000000000e+01 -5.129975421552118e-02
 1.855000000000000e+01 -3.993600900662239e-02
 1.850000000000000e+01 -2.837479001849156e-02
 1.845000000000000e+01 -1.663727922760747e-02
 1.840000000000000e+01 -4.863194049964326e-03
 1.835000000000000e+01  6.925045668140579e-03
 1.830000000000000e+01  1.882204372714688e-02
 1.825000000000000e+01  3.068807242069714e-02
 1.820000000000000e+01  4.261630782288757e-02
 1.815000000000000e+01  5.446813174536762e-02
 1.810000000000000e+01  6.633463365668683e-02
 1.805000000000000e+01  7.807946495722132e-02
 1.800000000000000e+01  8.979099373599142e-02
 1.795000000000000e+01  1.012289933271134e-01
 1.790000000000000e+01  1.126950217730951e-01
 1.785000000000000e+01  1.238484369945401e-01
 1.780000000000000e+01  1.349784059177993e-01
 1.775000000000000e+01  1.457588498298396e-01
 1.770000000000000e+01  1.563699351342094e-01
 1.765000000000000e+01  1.666945569366938e-01
 1.760000000000000e+01  1.767167224702220e-01
 1.755000000000000e+01  1.865069607737335e-01
 1.750000000000000e+01  1.959588086834078e-01
 1.745000000000000e+01  2.050586189683294e-01
 1.740000000000000e+01  2.138690624486886e-01
 1.735000000000000e+01  2.222957362411105e-01
 1.730000000000000e+01  2.303275219974365e-01
 1.725000000000000e+01  2.379542421626597e-01
 1.720000000000000e+01  2.451666512490822e-01
 1.715000000000000e+01  2.519565689105225e-01
 1.710000000000000e+01  2.583162726008938e-01
 1.705000000000000e+01  2.642882621602112e-01
 1.700000000000000e+01  2.697652603691706e-01
 1.695000000000000e+01  2.747952741292155e-01
 1.690000000000000e+01  2.794113388965304e-01
 1.685000000000000e+01  2.835325077577544e-01
 1.680000000000000e+01  2.871974295056370e-01
 1.675000000000000e+01  2.904046302197515e-01
 1.670000000000000e+01  2.931322450781383e-01
 1.665000000000000e+01  2.954265393454533e-01
 1.660000000000000e+01  2.972497623972917e-01
 1.655000000000000e+01  2.986244403380214e-01
 1.650000000000000e+01  2.995466808763717e-01
 1.645000000000000e+01  3.000324443660035e-01
 1.640000000000000e+01  3.000848544880687e-01
 1.635000000000000e+01  2.997125309264634e-01
 1.630000000000000e+01  2.989216271876330e-01
 1.625000000000000e+01  2.977288899345372e-01
 1.620000000000000e+01  2.961341012197899e-01
 1.615000000000000e+01  2.941609712550175e-01
 1.610000000000000e+01  2.918032972367350e-01
 1.605000000000000e+01  2.891162167249217e-01
 1.600000000000000e+01  2.860414246385750e-01
 1.595000000000000e+01  2.826678040337199e-01
 1.590000000000000e+01  2.789526305013021e-01
 1.585000000000000e+01  2.749385427911948e-01
 1.580000000000000e+01  2.706019027189788e-01
 1.575000000000000e+01  2.659908217670293e-01
 1.570000000000000e+01  2.611199375074188e-01
 1.565000000000000e+01  2.560035921501352e-01
 1.560000000000000e+01  2.506558180327925e-01
 1.555000000000000e+01  2.450401488487729e-01
 1.550000000000000e+01  2.392160350084213e-01
 1.545000000000000e+01  2.331967899387842e-01
 1.540000000000000e+01  2.269392789315901e-01
 1.535000000000000e+01  2.205665046640394e-01
 1.530000000000000e+01  2.139768923176446e-01
 1.525000000000000e+01  2.072386665259654e-01
 1.520000000000000e+01  2.003008192951339e-01
 1.515000000000000e+01  1.932345760939138e-01
 1.510000000000000e+01  1.860511893176168e-01
 1.505000000000000e+01  1.787615303112803e-01
 1.500000000000000e+01  1.713761832113221e-01
 1.495000000000000e+01  1.638357858192688e-01
 1.490000000000000e+01  1.561469549863755e-01
 1.485000000000000e+01  1.484590294969512e-01
 1.480000000000000e+01  1.406396300313843e-01
 1.475000000000000e+01  1.327682038267668e-01
 1.470000000000000e+01  1.247794793842054e-01
 1.465000000000000e+01  1.167543222501420e-01
 1.460000000000000e+01  1.087009252065639e-01
 1.455000000000000e+01  1.005511334602294e-01
 1.450000000000000e+01  9.238734476286811e-02
 1.445000000000000e+01  8.413986667269069e-02
 1.440000000000000e+01  7.589187011567948e-02
 1.435000000000000e+01  6.757236630401145e-02
 1.430000000000000e+01  5.926506344650193e-02
 1.425000000000000e+01  5.089790947498290e-02
 1.420000000000000e+01  4.255492591802794e-02
 1.415000000000000e+01  3.416322191988944e-02
 1.410000000000000e+01  2.580692009829730e-02
 1.405000000000000e+01  1.741249693072461e-02
 1.400000000000000e+01  9.063995535539420e-03
 1.395000000000000e+01  6.874750864158313e-04
 1.390000000000000e+01 -7.712133492411618e-03
 1.385000000000000e+01 -1.605123606443162e-02
 1.380000000000000e+01 -2.440396396917648e-02
 1.375000000000000e+01 -3.276555372832072e-02
 1.370000000000000e+01 -4.105326419741562e-02
 1.365000000000000e+01 -4.934099005616064e-02
 1.360000000000000e+01 -5.754680584246394e-02
 1.355000000000000e+01 -6.582124955644920e-02
 1.350000000000000e+01 -7.400555265341260e-02
 1.345000000000000e+01 -8.209659970851196e-02
 1.340000000000000e+01 -9.024268932709338e-02
 1.335000000000000e+01 -9.828794412754076e-02
 1.330000000000000e+01 -1.063041485661647e-01
 1.325000000000000e+01 -1.142133110709788e-01
 1.320000000000000e+01 -1.221596803343887e-01
 1.315000000000000e+01 -1.299921026979205e-01
 1.310000000000000e+01 -1.377804764595849e-01
 1.305000000000000e+01 -1.454497226841924e-01
 1.300000000000000e+01 -1.531389686144225e-01
 1.295000000000000e+01 -1.607028883572529e-01
 1.290000000000000e+01 -1.682088700766481e-01
 1.285000000000000e+01 -1.756532018775696e-01
 1.280000000000000e+01 -1.830322086273081e-01
 1.275000000000000e+01 -1.902761128146214e-01
 1.270000000000000e+01 -1.974493120440045e-01
 1.265000000000000e+01 -2.046126006694763e-01
 1.260000000000000e+01 -2.116330258013599e-01
 1.255000000000000e+01 -2.185724107932175e-01
 1.250000000000000e+01 -2.253661247915234e-01
 1.245000000000000e+01 -2.321344579257980e-01
 1.240000000000000e+01 -2.387526688056382e-01
 1.235000000000000e+01 -2.453369781409000e-01
 1.230000000000000e+01 -2.517669809565315e-01
 1.225000000000000e+01 -2.580986782828079e-01
 1.220000000000000e+01 -2.643292824531827e-01
 1.215000000000000e+01 -2.704557008137394e-01
 1.210000000000000e+01 -2.764750108610969e-01
 1.205000000000000e+01 -2.823331182606610e-01
 1.200000000000000e+01 -2.881308503239725e-01
 1.195000000000000e+01 -2.938130224620987e-01
 1.190000000000000e+01 -2.993293495725175e-01
 1.185000000000000e+01 -3.047272214567838e-01
 1.180000000000000e+01 -3.100491386580166e-01
 1.175000000000000e+01 -3.152011684314455e-01
 1.170000000000000e+01 -3.202271692609687e-01
 1.165000000000000e+01 -3.251247271958252e-01
 1.160000000000000e+01 -3.298914825519996e-01
 1.155000000000000e+01 -3.345251306407348e-01
 1.150000000000000e+01 -3.390234224689687e-01
 1.145000000000000e+01 -3.433481695570567e-01
 1.140000000000000e+01 -3.475705603187966e-01
 1.135000000000000e+01 -3.516511953263748e-01
 1.130000000000000e+01 -3.555880541013378e-01
 1.125000000000000e+01 -3.593485336322702e-01
 1.120000000000000e+01 -3.629933692150101e-01
 1.115000000000000e+01 -3.664607864204668e-01
 1.110000000000000e+01 -3.698062433811973e-01
 1.105000000000000e+01 -3.729734944644367e-01
 1.100000000000000e+01 -3.760126932313403e-01
 1.095000000000000e+01 -3.788731483913281e-01
 1.090000000000000e+01 -3.815996921426278e-01
 1.085000000000000e+01 -3.841473612341101e-01
 1.080000000000000e+01 -3.865369072585387e-01
 1.075000000000000e+01 -3.887842143453540e-01
 1.070000000000000e+01 -3.908525056800614e-01
 1.065000000000000e+01 -3.927589666144697e-01
 1.060000000000000e+01 -3.945154253623112e-01
 1.055000000000000e+01 -3.960934244050873e-01
 1.050000000000000e+01 -3.975062630509014e-01
 1.045000000000000e+01 -3.987529535398166e-01
 1.040000000000000e+01 -3.998402120995886e-01
 1.035000000000000e+01 -4.007505668282488e-01
 1.030000000000000e+01 -4.014921877470543e-01
 1.025000000000000e+01 -4.020643353096590e-01
 1.020000000000000e+01 -4.024687125148753e-01
 1.015000000000000e+01 -4.026986493292927e-01
 1.010000000000000e+01 -4.027572752643107e-01
 1.005000000000000e+01 -4.026440995055955e-01
 1.000000000000000e+01 -4.023559443753585e-01
 9.949999999999999e+00 -4.018966850658555e-01
 9.900000000000000e+00 -4.012645337503213e-01
 9.850000000000000e+00 -4.004592473258186e-01
 9.800000000000001e+00 -3.994729314108060e-01
 9.750000000000000e+00 -3.983196817453164e-01
 9.699999999999999e+00 -3.969929484058125e-01
 9.650000000000000e+00 -3.954814226847917e-01
 9.600000000000000e+00 -3.938066187987830e-01
 9.550000000000001e+00 -3.919585330871431e-01
 9.500000000000000e+00 -3.899373491650098e-01
 9.449999999999999e+00 -3.877273966676075e-01
 9.400000000000000e+00 -3.853596938979374e-01
 9.350000000000000e+00 -3.828198165486562e-01
 9.300000000000001e+00 -3.801081856837938e-01
 9.250000000000000e+00 -3.772050062407417e-01
 9.199999999999999e+00 -3.741503164892989e-01
 9.150000000000000e+00 -3.709253707299934e-01
 9.100000000000000e+00 -3.675310963913307e-01
 9.050000000000001e+00 -3.639680569058201e-01
 9.000000000000000e+00 -3.602370174281551e-01
 8.949999999999999e+00 -3.563387987439963e-01
 8.900000000000000e+00 -3.522742767584014e-01
 8.850000000000000e+00 -3.480443819671645e-01
 8.800000000000001e+00 -3.436500989114060e-01
 8.750000000000000e+00 -3.390924656157651e-01
 8.699999999999999e+00 -3.344034043978656e-01
 8.650000000000000e+00 -3.295232437227585e-01
 8.600000000000000e+00 -3.245156461084502e-01
 8.550000000000001e+00 -3.193176586240852e-01
 8.500000000000000e+00 -3.139963503724642e-01
 8.449999999999999e+00 -3.085205038403278e-01
 8.400000000000000e+00 -3.029270593152913e-01
 8.350000000000000e+00 -2.971469141510744e-01
 8.300000000000001e+00 -2.912533916504478e-01
 8.250000000000000e+00 -2.852123024673373e-01
 8.199999999999999e+00 -2.790634844852154e-01
 8.150000000000000e+00 -2.727323342450257e-01
 8.100000000000000e+00 -2.663373912112374e-01
 8.050000000000001e+00 -2.597631400238860e-01
 8.000000000000000e+00 -2.530909881240194e-01
 7.950000000000000e+00 -2.463242286897225e-01
 7.900000000000000e+00 -2.394660720639253e-01
 7.850000000000000e+00 -2.324772256142155e-01
 7.800000000000000e+00 -2.253592510080526e-01
 7.750000000000000e+00 -2.182005386402031e-01
 7.700000000000000e+00 -2.109616151132499e-01
 7.650000000000000e+00 -2.036010664550229e-01
 7.600000000000000e+00 -1.961651379918560e-01
 7.550000000000000e+00 -1.887017051917018e-01
 7.500000000000000e+00 -1.811236457891672e-01
 7.450000000000000e+00 -1.735241284953900e-01
 7.400000000000000e+00 -1.658605512529986e-01
 7.350000000000000e+00 -1.581353422843993e-01
 7.300000000000000e+00 -1.503508609131897e-01
 7.250000000000000e+00 -1.425093989120195e-01
 7.200000000000000e+00 -1.346605731184409e-01
 7.150000000000000e+00 -1.267596756756131e-01
 7.100000000000000e+00 -1.188087575026879e-01
 7.050000000000000e+00 -1.108098085635206e-01
 7.000000000000000e+00 -1.027647591492542e-01
 6.950000000000000e+00 -9.472403139522494e-02
 6.900000000000000e+00 -8.659252780148109e-02
 6.850000000000000e+00 -7.842035542176963e-02
 6.800000000000000e+00 -7.020921874624457e-02
 6.750000000000000e+00 -6.196076883227984e-02
 6.700000000000000e+00 -5.367660451570756e-02
 6.650000000000000e+00 -4.535827360819233e-02
 6.600000000000000e+00 -3.695768689525216e-02
 6.550000000000000e+00 -2.852568836401382e-02
 6.500000000000000e+00 -2.001395211076232e-02
 6.450000000000000e+00 -1.147349244258858e-02
 6.400000000000000e+00 -2.905689368747182e-03
 6.350000000000000e+00  5.738057404552447e-03
 6.300000000000000e+00  1.440659055960386e-02
 6.250000000000000e+00  2.314861557645108e-02
 6.200000000000000e+00  3.196291799430778e-02
 6.150000000000000e+00  4.079826379348107e-02
 6.100000000000000e+00  4.970341372667512e-02
 6.050000000000000e+00  5.862716111817238e-02
 6.000000000000000e+00  6.761822748884717e-02
 5.950000000000000e+00  7.667532132745501e-02
 5.900000000000000e+00  8.579711922349752e-02
 5.850000000000000e+00  9.493258848755465e-02
 5.800000000000000e+00  1.041797933015144e-01
 5.750000000000000e+00  1.134380801751358e-01
 5.700000000000000e+00  1.227557137923342e-01
 5.650000000000000e+00  1.321312490583697e-01
 5.600000000000000e+00  1.415141338691276e-01
 5.550000000000000e+00  1.510011663430003e-01
 5.500000000000000e+00  1.604928369864781e-01
 5.450000000000000e+00  1.700852455187143e-01
 5.400000000000000e+00  1.796795006796305e-01
 5.350000000000000e+00  1.893709003935337e-01
 5.300000000000000e+00  1.990612740620294e-01
 5.250000000000000e+00  2.087973158101653e-01
 5.200000000000000e+00  2.186248178577149e-01
 5.150000000000000e+00  2.284467886210231e-01
 5.100000000000000e+00  2.383561263373501e-01
 5.050000000000000e+00  2.483035362818576e-01
 5.000000000000000e+00  2.582871445685246e-01
 4.950000000000000e+00  2.683050443010409e-01
 4.900000000000000e+00  2.783552956247010e-01
 4.850000000000000e+00  2.884812923004020e-01
 4.800000000000000e+00  2.986349665313693e-01
 4.750000000000000e+00  3.088142452441227e-01
 4.700000000000000e+00  3.190170233341413e-01
 4.650000000000000e+00  3.292850588164881e-01
 4.600000000000000e+00  3.395714938522882e-01
 4.550000000000000e+00  3.499171777312047e-01
 4.500000000000000e+00  3.602759190737747e-01
 4.450000000000000e+00  3.706453918969962e-01
 4.400000000000000e+00  3.810650146792979e-01
 4.350000000000000e+00  3.915310249658043e-01
 4.300000000000000e+00  4.020395606236757e-01
 4.250000000000000e+00  4.125463189321781e-01
 4.200000000000000e+00  4.230885935282313e-01
 4.150000000000000e+00  4.336229440148979e-01
 4.100000000000000e+00  4.442243718427796e-01
 4.050000000000000e+00  4.548487499005016e-01
 4.000000000000000e+00  4.654539901986786e-01
 3.950000000000000e+00  4.761116692330422e-01
 3.900000000000000e+00  4.867789984151691e-01
 3.850000000000000e+00  4.974513214564162e-01
 3.800000000000000e+00  5.081241526827495e-01
 3.750000000000000e+00  5.188275159375708e-01
 3.700000000000000e+00  5.295206064414631e-01
 3.650000000000000e+00  5.402321601351336e-01
 3.600000000000000e+00  5.509553890875758e-01
 3.550000000000000e+00  5.616511280780555e-01
 3.500000000000000e+00  5.723776417068835e-01
 3.450000000000000e+00  5.830640056273454e-01
 3.400000000000000e+00  5.937657202845145e-01
 3.350000000000000e+00  6.044736130121141e-01
 3.300000000000000e+00  6.151495334802893e-01
 3.250000000000000e+00  6.258144626046657e-01
 3.200000000000000e+00  6.364590571103205e-01
 3.150000000000000e+00  6.470739500964431e-01
 3.100000000000000e+00  6.576497744570570e-01
 3.050000000000000e+00  6.682277509645405e-01
 3.000000000000000e+00  6.787695910265095e-01
 2.950000000000000e+00  6.892638063236308e-01
 2.900000000000000e+00  6.997220217075322e-01
 2.850000000000000e+00  7.101306792479861e-01
 2.800000000000000e+00  7.205193543108527e-01
 2.750000000000000e+00  7.308494816187102e-01
 2.700000000000000e+00  7.411257069913617e-01
 2.650000000000000e+00  7.513498690212257e-01
 2.600000000000000e+00  7.615211250615739e-01
 2.550000000000000e+00  7.716532944292697e-01
 2.500000000000000e+00  7.817043366912347e-01
 2.450000000000000e+00  7.916999790122623e-01
 2.400000000000000e+00  8.016421030064386e-01
 2.350000000000000e+00  8.115273062155037e-01
 2.300000000000000e+00  8.213471615602530e-01
 2.250000000000000e+00  8.311141415823711e-01
 2.200000000000000e+00  8.408180719077779e-01
 2.150000000000000e+00  8.504866512667384e-01
 2.100000000000000e+00  8.600975059557359e-01
 2.050000000000000e+00  8.696775042478319e-01
 2.000000000000000e+00  8.792362823104397e-01
 1.950000000000000e+00  8.887803207535969e-01
 1.900000000000000e+00  8.983255435325626e-01
 1.850000000000000e+00  9.079034360681807e-01
 1.800000000000000e+00  9.175396969451504e-01
 1.750000000000000e+00  9.272664549859768e-01
 1.700000000000000e+00  9.371086004720938e-01
 1.650000000000000e+00  9.470617445366705e-01
 1.600000000000000e+00  9.569762353002941e-01
 1.550000000000000e+00  9.662936418441580e-01
 1.500000000000000e+00  9.740103191080626e-01
 1.450000000000000e+00  9.796146063856633e-01
 1.400000000000000e+00  9.835531070166158e-01
 1.350000000000000e+00  9.864410465680361e-01
 1.300000000000000e+00  9.886800148013486e-01
 1.250000000000000e+00  9.904983640796774e-01
 1.200000000000000e+00  9.920274842899545e-01
 1.150000000000000e+00  9.933456466320206e-01
 1.100000000000000e+00  9.945030045200963e-01
 1.050000000000000e+00  9.955321422307345e-01
 1.000000000000000e+00  9.964559287423171e-01
 9.500000000000000e-01  9.972902388668817e-01
 9.000000000000000e-01  9.980464749982300e-01
 8.500000000000000e-01  9.987322553383070e-01
 8.000000000000000e-01  9.993488903511670e-01
 7.500000000000000e-01  9.998482081966491e-01
 7.000000000000000e-01  9.999386435892038e-01
 6.500000000000000e-01  9.999498337495502e-01
 6.000000000000000e-01  9.999579903421196e-01
 5.500000000000000e-01  9.999650312005870e-01
 5.000000000000000e-01  9.999712838655905e-01
 4.500000000000000e-01  9.999768537455660e-01
 4.000000000000000e-01  9.999817852115234e-01
 3.500000000000000e-01  9.999861034153870e-01
 3.000000000000000e-01  9.999898234033722e-01
 2.500000000000000e-01  9.999929539042156e-01
 2.000000000000000e-01  9.999955030715566e-01
 1.500000000000000e-01  9.999974772937233e-01
 1.000000000000000e-01  9.999988817139306e-01
 5.000000000000000e-02  9.999997211548211e-01