Freq, Coherency
49.91455078125,0.2660828572924498
49.90234375,0.26561074952567076
49.89013671875,0.26513567326189347
49.8779296875,0.26465772775572477
49.86572265625,0.2641766468247599
49.853515625,0.2636927069363456
49.841312408447266,0.26320581007897886
49.8291015625,0.26271583093645495
49.81689453125,0.26222309330892263
49.8046875,0.2617274364350457
49.792484283447266,0.2612287504648289
49.780277252197266,0.2607271789486103
49.76806640625,0.26022263568629145
49.755859375,0.25971517879533124
49.74365234375,0.2592048363041485
49.7314453125,0.2586917146236022
49.71923828125,0.2581755272724881
49.70703125,0.2576566719101557
49.69482421875,0.25713476325576556
49.6826171875,0.2566100044084267
49.67041015625,0.25608240641355123
49.658203125,0.2555519693383649
49.64599609375,0.25501860486553796
49.6337890625,0.25448241873591737
49.62158203125,0.253943522598547
49.609375,0.25340161505815356
49.59716796875,0.2528569072331562
49.5849609375,0.2523094066675674
49.57275390625,0.2517591209274127
49.560546875,0.25120606120110417
29.797365188598633,0.7753553945572007
29.785158157348633,0.7759840603145801
29.772947311401367,0.7766056208166605
29.760740280151367,0.777220124557125
29.74853515625,0.7778278156111466
29.736328125,0.7784288310794659
29.724123001098633,0.7790231034699974
29.711912155151367,0.7796108868641063
29.69970703125,0.7801922077909479
29.687501907348633,0.7807672594582477
29.67529296875,0.7813360455848614
29.663087844848633,0.7818987403429523
29.65087890625,0.7824554310843658
29.638669967651367,0.7830061797639462
29.626466751098633,0.7835511202754326
29.6142578125,0.7840903566881825
29.60205078125,0.7846238983222934
29.58984375,0.785151915820112
29.57763671875,0.7856745213840021
29.565431594848633,0.7861917666842498
29.553220748901367,0.7867037355112588
29.541015625,0.7872105467928816
29.528810501098633,0.787712225257042
29.5166015625,0.7882088991542328
29.504392623901367,0.7887006586660468
29.492189407348633,0.7891875357615686
29.479982376098633,0.7896697025141209
29.467775344848633,0.7901471504627272
29.455564498901367,0.7906200711014111
29.443359375,0.7910883473262954
29.43115234375,0.7915522535097664
29.4189453125,0.7920116760353538
29.406736373901367,0.7924668765313598
29.394533157348633,0.792917795453805
29.382326126098633,0.7933644723142587
29.370115280151367,0.7938072044601978
29.35791015625,0.7942457792301963
29.345705032348633,0.7946804088399148
29.33349609375,0.7951111522958284
29.3212890625,0.795538038356617
29.30908203125,0.7959611325380153
29.296875,0.7963805702927761
29.28466796875,0.7967963277150419
29.2724609375,0.7972084126877077
29.260255813598633,0.7976170300140947
29.248048782348633,0.7980221103469495
29.235841751098633,0.7984238261023505
29.2236328125,0.7988221459490572
29.211427688598633,0.7992171289020302
29.19921875,0.799608881065185
29.18701171875,0.7999973664336233
29.1748046875,0.8003827738501315
29.162599563598633,0.8007649906669575
29.150390625,0.8011441916715694
29.13818359375,0.8015203718611552
29.1259765625,0.8018935306779924
29.11376953125,0.8022638621207426
29.1015625,0.802631278072785
29.089353561401367,0.8029958401033465
29.077146530151367,0.8033576923320979
29.06494140625,0.803716746548644
29.052732467651367,0.8040731128399459
29.040529251098633,0.8044267990265996
29.028322219848633,0.8047779010698057
29.01611328125,0.8051263999786327
29.003908157348633,0.8054723827336564
28.99169921875,0.8058159204442497
28.979494094848633,0.806156921091412
28.96728515625,0.8064954860813986
28.955078125,0.8068317025807176
28.94287109375,0.8071656298470506
28.9306640625,0.8074972104426917
28.91845703125,0.807826479998301
28.90625,0.808153473432906
28.89404296875,0.8084783491284739
28.881834030151367,0.8088010120334366
28.869626998901367,0.8091215105121967
28.857421875,0.8094399098174847
28.845216751098633,0.8097562071842954
28.833009719848633,0.8100704918478727
28.820798873901367,0.8103827612615532
28.80859375,0.810692990469131
28.79638671875,0.8110012791450254
28.784181594848633,0.8113076445694642
28.77197265625,0.8116121004173733
28.759765625,0.8119146397234948
28.747560501098633,0.8122153573053733
28.7353515625,0.812514267011811
28.72314453125,0.8128113611975417
28.710935592651367,0.8131066917782912
28.698728561401367,0.8134002735797901
28.6865234375,0.813692080640239
28.674318313598633,0.8139822599719515
28.662111282348633,0.8142707179953195
28.64990234375,0.8145575479267247
28.637693405151367,0.8148427289749258
28.62548828125,0.8151263077454366
28.613279342651367,0.8154083209195789
28.601072311401367,0.8156887610667944
28.5888671875,0.8159676301323693
28.57666015625,0.8162450387587977
28.564453125,0.8165209052324371
28.55224609375,0.8167952934013528
28.5400390625,0.817068235295263
28.52783203125,0.8173397332174683
28.515625,0.8176098190349921
28.503419876098633,0.8178785027256482
28.491212844848633,0.8181457723977519
28.47900390625,0.8184117224046678
28.466796875,0.8186763055682944
28.45458984375,0.8189395788011431
28.4423828125,0.8192015147243846
28.430177688598633,0.8194621511180458
28.41796875,0.8197215305609348
28.405763626098633,0.8199796515965626
28.3935546875,0.8202365195048049
28.381345748901367,0.8204921503586033
28.369142532348633,0.8207465640648764
28.356931686401367,0.8209998078535863
28.344728469848633,0.8212518752034107
28.33251953125,0.821502723224016
28.320310592651367,0.8217524907681047
28.30810546875,0.8220010454516202
28.2958984375,0.822248518432265
28.28369140625,0.8224948867181058
28.271484375,0.8227401536745141
28.259275436401367,0.8229843428257931
28.247068405151367,0.8232274699625134
28.23486328125,0.8234695348236344
28.22265625,0.823710528333392
28.21044921875,0.8239505170135275
28.1982421875,0.8241895013655713
28.18603515625,0.8244274548800077
28.173830032348633,0.8246644438563417
28.161623001098633,0.8249004265678566
28.1494140625,0.8251354360959767
28.13720703125,0.8253695139759852
28.125,0.8256026275535192
28.11279296875,0.8258348059349061
28.1005859375,0.8260660523814467
28.088376998901367,0.8262964193904724
28.076171875,0.826525839663955
28.063966751098633,0.8267544197538476
28.0517578125,0.8269820586743997
28.03955078125,0.8272088669485447
28.027345657348633,0.827434814075414
28.01513671875,0.827659884910163
28.002927780151367,0.8278841203716221
27.99072265625,0.8281075643687306
27.978515625,0.8283301416553696
27.96630859375,0.8285519164052552
27.954099655151367,0.8287728857082616
27.94189453125,0.8289930384021611
27.929685592651367,0.8292124090355052
27.91748046875,0.8294310251371897
27.9052734375,0.8296488672875724
27.89306640625,0.8298659741625611
27.880859375,0.8300822868658079
27.86865234375,0.8302978640754575
27.8564453125,0.8305127089606017
27.844236373901367,0.8307268141924653
27.83203125,0.8309402011238743
27.81982421875,0.8311528795941739
27.807615280151367,0.8313648809270011
27.79541015625,0.8315761666935223
27.783205032348633,0.8317867538696064
27.77099609375,0.8319966593809993
27.7587890625,0.8322058752468515
27.746583938598633,0.8324144304051609
27.734373092651367,0.8326223004571464
27.722169876098633,0.8328295598664952
27.7099609375,0.8330361649889282
27.697751998901367,0.833242135828221
27.685546875,0.8334474001488118
27.67333984375,0.8336521399459055
27.661134719848633,0.8338561967675877
27.64892578125,0.8340596383924657
27.63671875,0.834262484717611
27.624513626098633,0.8344646807844017
27.6123046875,0.8346663776708146
27.60009765625,0.834867425777582
27.587892532348633,0.8350678524953008
27.57568359375,0.8352677277034205
27.5634765625,0.8354670686877811
27.55126953125,0.8356658146669622
27.539060592651367,0.835864014594117
27.52685546875,0.8360616340535524
27.514646530151367,0.8362587040957528
27.50244140625,0.8364551950702518
27.490234375,0.8366512004161338
27.47802734375,0.8368466437698727
27.4658203125,0.8370415521322901
27.453615188598633,0.8372359634419528
27.44140625,0.8374298291503147
27.42919921875,0.8376231689090997
27.416990280151367,0.8378160016203086
27.40478515625,0.8380083442944583
27.392578125,0.8382001510292725
27.38037109375,0.838391513323568
27.3681640625,0.8385823193000715
27.355958938598633,0.8387726891245891
27.34375,0.8389625742907002
27.33154296875,0.8391519421605723
27.3193359375,0.8393408669421167
27.307126998901367,0.8395293172181375
27.294921875,0.8397173124555315
27.28271484375,0.839904804281501
27.270509719848633,0.8400918935414986
27.258298873901367,0.8402784973590348
27.24609375,0.8404646254715925
27.23388671875,0.8406503108667162
27.2216796875,0.8408356156658476
27.20947265625,0.8410204287511829
27.197265625,0.8412048336028752
27.18505859375,0.8413887763267898
27.1728515625,0.8415723131146813
27.160642623901367,0.8417554643386791
27.148439407348633,0.8419381181131355
27.136232376098633,0.8421204098981055
27.1240234375,0.8423022917115974
27.11181640625,0.8424837201180296
27.099609375,0.8426648007646778
27.08740234375,0.8428454231266225
27.0751953125,0.8430256715340205
27.06298828125,0.843205544981082
27.05078125,0.8433849899136585
27.03857421875,0.8435640607201083
27.026369094848633,0.8437427663786768
27.014158248901367,0.8439210813509984
27.001953125,0.8440989585748494
26.98974609375,0.8442765424312412
26.977540969848633,0.8444536792631046
26.96533203125,0.8446304879731865
26.953126907348633,0.8448069114089347
26.94091796875,0.8449829805993272
26.9287109375,0.8451587160216646
26.916501998901367,0.8453340740029098
26.904298782348633,0.845509028686733
26.892087936401367,0.8456837290280997
26.879880905151367,0.8458579914667353
26.86767578125,0.846031920525484
26.85546875,0.8462055599238444
26.84326171875,0.8463787778917697
26.831056594848633,0.8465516916498583
26.81884765625,0.8467242828760674
26.806640625,0.8468965438615702
26.79443359375,0.8470684382299316
26.782228469848633,0.8472400030631715
26.77001953125,0.8474112762204379
26.757814407348633,0.8475821966758954
26.74560546875,0.8477528511459145
26.7333984375,0.8479230947886212
26.72119140625,0.8480930859191022
26.708982467651367,0.8482627100976191
26.69677734375,0.8484320671954994
26.6845703125,0.848601084501398
26.67236328125,0.8487698224355804
26.66015625,0.8489382283793593
26.64794921875,0.8491063555185888
26.6357421875,0.8492741512985393
26.623533248901367,0.8494417174518529
26.611328125,0.8496089114003909
26.59912109375,0.8497758205137458
26.586912155151367,0.8499424480605362
26.57470703125,0.8501088127657377
26.562501907348633,0.8502748464311148
26.55029296875,0.8504405659167152
26.538087844848633,0.8506060759573345
26.52587890625,0.8507712445624248
26.513673782348633,0.8509361794372434
26.50146484375,0.8511007734892468
26.4892578125,0.8512651533820809
26.47705078125,0.8514292335325526
26.46484375,0.8515930388955687
26.45263671875,0.8517565450870408
26.4404296875,0.851919832396852
26.42822265625,0.8520828195148706
26.416015625,0.8522455635936388
26.40380859375,0.8524080080232886
26.391603469848633,0.8525701863302461
26.37939453125,0.8527321356661051
26.3671875,0.852893819332644
26.35498046875,0.8530552611281073
26.342775344848633,0.8532163825709836
26.33056640625,0.8533773310799343
26.318359375,0.8535380148469092
26.30615234375,0.853698402559455
26.293943405151367,0.8538585684042398
26.281740188598633,0.8540184294703793
26.269529342651367,0.854178131791924
26.25732421875,0.854337529807754
26.2451171875,0.8544966808805655
26.232908248901367,0.854655638585125
26.220705032348633,0.8548142927518438
26.20849609375,0.8549727687070254
26.196290969848633,0.8551309619188363
26.18408203125,0.8552889569691591
26.171875,0.8554467174172031
26.159669876098633,0.8556042176664785
26.1474609375,0.855761520304405
26.13525390625,0.8559185358197087
26.123044967651367,0.8560753869830315
26.11083984375,0.8562319569982231
26.0986328125,0.8563883356644003
26.08642578125,0.856544449912927
26.07421875,0.8567003802770219
26.06201171875,0.856856070744173
26.0498046875,0.8570115503818244
26.03759765625,0.8571668209616792
26.025390625,0.8573218265884905
26.01318359375,0.8574766475857217
26.0009765625,0.8576312328661753
25.98876953125,0.8577856338349892
25.9765625,0.8579397994635131
25.96435546875,0.858093781098226
25.9521484375,0.8582475006095921
25.93994140625,0.8584010652279817
25.927734375,0.8585543920364813
25.915525436401367,0.8587075316236389
25.9033203125,0.8588604224538617
25.89111328125,0.8590131231812261
25.87890625,0.8591656426418003
25.86669921875,0.8593179555214371
25.8544921875,0.8594700587544927
25.842287063598633,0.8596219087484045
25.830080032348633,0.8597736505300382
25.81787109375,0.8599251522851528
25.8056640625,0.8600764791344656
25.79345703125,0.860227573406747
25.78125,0.8603784606656797
25.76904296875,0.8605291933830572
25.7568359375,0.860679694058849
25.74462890625,0.8608300151533299
25.732421875,0.8609802090182516
25.72021484375,0.8611301427737428
25.7080078125,0.8612798990116968
25.69580078125,0.8614294745899862
25.683595657348633,0.8615788531026359
25.67138671875,0.861728063995744
25.6591796875,0.861877051269552
25.64697265625,0.8620258601107883
25.634765625,0.8621745426551357
25.62255859375,0.8623229681944532
25.6103515625,0.8624712425270249
25.59814453125,0.8626193640977343
25.5859375,0.8627672811038436
25.57373046875,0.8629150221309299
25.5615234375,0.8630625321670238
25.54931640625,0.8632099167061732
25.537111282348633,0.8633571310503516
25.524900436401367,0.8635041505077276
25.5126953125,0.8636510107921266
25.50048828125,0.8637977138966568
25.488279342651367,0.863944208241561
25.47607421875,0.8640905134254688
25.4638671875,0.864236686807236
25.45166015625,0.8643826838685313
25.439453125,0.8645284797889716
25.42724609375,0.8646740996838593
25.4150390625,0.8648195952079197
25.40283203125,0.8649649165900859
25.390625,0.8651100606258295
25.378419876098633,0.8652550361293486
25.366209030151367,0.8653998716213277
25.35400390625,0.8655444964115743
25.341794967651367,0.8656889602348691
25.329591751098633,0.8658332683662224
25.3173828125,0.8659774600595841
25.30517578125,0.8661214591103298
25.29296875,0.8662652570090348
25.28076171875,0.8664089580685584
25.2685546875,0.8665524598968369
25.25634765625,0.8666958385940771
25.244140625,0.8668390183289045
25.23193359375,0.8669820487167099
25.2197265625,0.8671249068283835
25.20751953125,0.8672676438732514
25.195314407348633,0.867410186104061
25.18310546875,0.8675526215325442
25.1708984375,0.8676948887282975
25.15869140625,0.8678369842184992
25.146484375,0.8679789573903428
25.13427734375,0.8681207327706613
25.1220703125,0.8682624123132028
25.10986328125,0.8684038943074454
25.09765625,0.8685452543364242
25.08544921875,0.8686864170854368
25.0732421875,0.8688274597549844
25.06103515625,0.86896835447677
25.048828125,0.8691091047404019
25.03662109375,0.8692496827413151
25.0244140625,0.8693901654853046
25.01220703125,0.869530476155883
25.0,0.8696706427538768
24.98779296875,0.8698106375214358
24.9755859375,0.869950511169645
24.96337890625,0.8700902410343972
24.951171875,0.8702298238034112
24.93896484375,0.8703692629817054
24.9267578125,0.8705085552537184
24.91455078125,0.8706477284982231
24.90234375,0.8707867079933224
24.890138626098633,0.8709255965141597
24.8779296875,0.8710643557831163
24.86572265625,0.8712029251576606
24.853515625,0.8713413759215037
24.84130859375,0.871479706420468
24.8291015625,0.871617868155333
24.81689453125,0.8717559357679726
24.8046875,0.87189380884369
24.79248046875,0.872031587936907
24.7802734375,0.8721692246168872
24.76806640625,0.87230669133672
24.755859375,0.8724440642587943
24.74365234375,0.8725813192166842
24.7314453125,0.8727183544249161
24.71923828125,0.8728553478015368
24.70703125,0.8729921475367052
24.69482421875,0.8731288296417131
24.6826171875,0.8732653924533089
24.67041015625,0.8734018136437697
24.658203125,0.8735380915879214
24.64599609375,0.8736742762646927
24.6337890625,0.8738102920444198
24.621583938598633,0.8739461975038196
24.609376907348633,0.8740819548849631
24.59716796875,0.8742176140730875
24.584962844848633,0.8743531167862868
24.572751998901367,0.8744885111204441
24.560546875,0.8746237543146566
24.54833984375,0.8747588995524975
24.5361328125,0.8748939040793902
24.52392578125,0.8750287645334685
24.51171875,0.8751635101358005
24.49951171875,0.8752981392157425
24.4873046875,0.8754326501003216
24.47509765625,0.8755670189490081
24.462890625,0.8757012475901393
24.45068359375,0.8758354094683284
24.4384765625,0.8759693800729988
24.426271438598633,0.8761032396980472
24.4140625,0.8762369968826851
24.40185546875,0.8763706449142502
24.3896484375,0.8765041497214987
24.37744140625,0.8766375148714036
24.365234375,0.8767707642421027
24.35302734375,0.8769039471653508
24.3408203125,0.8770369651282179
24.32861328125,0.8771698657493529
24.31640625,0.8773026508248529
24.30419921875,0.8774352966971185
24.2919921875,0.8775678271668939
24.27978515625,0.8777002914144069
24.267578125,0.8778325658115107
24.25537109375,0.8779647740780996
24.2431640625,0.8780968434994101
24.23095703125,0.8782287724304428
24.21875,0.8783606099625267
24.20654296875,0.8784923342456515
24.1943359375,0.8786239418526919
24.18212890625,0.8787554109973197
24.169921875,0.8788868142466288
24.15771484375,0.8790180538448343
24.1455078125,0.8791491534757724
24.13330078125,0.8792801873372559
24.12109375,0.8794111318887979
24.10888671875,0.8795418878675064
24.0966796875,0.8796726034235945
24.08447265625,0.8798031558327915
24.072263717651367,0.8799336123587067
24.06005859375,0.8800639412136673
24.0478515625,0.880194176026438
24.03564453125,0.8803242949235233
24.0234375,0.8804542762901517
24.01123046875,0.8805841922012188
23.9990234375,0.8807139455538874
23.98681640625,0.8808436335189797
23.974609375,0.8809731842159483
23.96240234375,0.8811026211004701
23.9501953125,0.8812319675774718
23.93798828125,0.8813611770016837
23.92578125,0.8814903211839997
23.91357421875,0.8816193033720341
23.9013671875,0.881748197091287
23.88916015625,0.8818770238931916
23.876953125,0.882005715705004
23.86474609375,0.8821342441058571
23.8525390625,0.8822627574675758
23.84033203125,0.8823911092906597
23.828125,0.8825193229285105
23.81591796875,0.8826474716077871
23.8037109375,0.8827755321188396
23.79150390625,0.882903456365259
23.779296875,0.883031290781949
23.76708984375,0.883158989077802
23.7548828125,0.883286574493621
23.74267578125,0.8834141199958887
23.73046875,0.8835414797924223
23.71826171875,0.8836687766137266
23.7060546875,0.8837959838365592
23.69384765625,0.8839230553208972
23.681640625,0.8840500621269088
23.66943359375,0.8841769563694954
23.6572265625,0.8843037150649047
23.64501953125,0.8844303613408544
23.6328125,0.8845569430522113
23.62060546875,0.8846833894077711
23.6083984375,0.8848097712434347
23.59619140625,0.8849360178427477
23.583984375,0.8850621522707943
23.57177734375,0.8851882222584435
23.5595703125,0.8853141819048183
23.547361373901367,0.8854400228276779
23.53515625,0.8855657862886718
23.52294921875,0.8856914099755424
23.5107421875,0.8858169711080967
23.49853515625,0.8859424186264329
23.486328125,0.8860677561131044
23.47412109375,0.8861930047219674
23.4619140625,0.8863181433942636
23.44970703125,0.8864431704278888
23.4375,0.8865681332814275
23.42529296875,0.8866929845661787
23.4130859375,0.8868177015485504
23.40087890625,0.8869423561941925
23.388671875,0.8870669221944105
23.37646484375,0.8871913540596639
23.3642578125,0.8873156746305629
23.35205078125,0.8874399556875477
23.33984375,0.8875641027770752
23.32763671875,0.887688185879015
23.3154296875,0.8878121106754677
23.30322265625,0.8879359960002797
23.291015625,0.8880597475975056
23.27880859375,0.8881834352986756
23.2666015625,0.888306964983388
23.25439453125,0.8884304552390692
23.2421875,0.8885538363915263
23.22998046875,0.8886771049711116
23.2177734375,0.8888002889273513
23.20556640625,0.8889233847533602
23.193359375,0.8890463960025499
23.18115234375,0.8891692948446225
23.1689453125,0.889292084870244
23.15673828125,0.8894147886725925
23.14453125,0.8895374045092068
23.13232421875,0.8896599116606372
23.1201171875,0.8897823551788627
23.10791015625,0.8899046658336957
23.095703125,0.8900269129017115
23.08349609375,0.890149027226645
23.0712890625,0.8902710797773932
23.05908203125,0.8903930445738747
23.046875,0.8905149009836992
23.03466796875,0.8906366697103508
23.0224609375,0.89075835254345
23.01025390625,0.8908799271215125
22.998046875,0.8910013917383435
22.98583984375,0.8911227705809893
22.9736328125,0.8912441101354752
22.96142578125,0.8913652933731792
22.94921875,0.8914864373450511
22.93701171875,0.8916074715341552
22.9248046875,0.8917283977675562
22.91259765625,0.891849236625323
22.900390625,0.8919699916646002
22.88818359375,0.8920906371133079
22.8759765625,0.8922112192980317
22.86376953125,0.8923316697263683
22.8515625,0.8924520809299381
22.83935546875,0.8925723604733636
22.8271484375,0.8926925546220139
22.814939498901367,0.892812703014609
22.802734375,0.8929327090056755
22.79052734375,0.8930526453326656
22.7783203125,0.8931724742078984
22.76611328125,0.8932922638769093
22.75390625,0.8934118983533935
22.741697311401367,0.893531488900719
22.7294921875,0.893650957762346
22.71728515625,0.893770360602915
22.705078125,0.893889676543364
22.69287109375,0.8940089073744101
22.6806640625,0.8941280310660982
22.66845703125,0.8942470917619999
22.65625,0.8943660215945237
22.64404296875,0.8944848902457511
22.6318359375,0.8946036721644716
22.61962890625,0.8947223471486405
22.607421875,0.8948409372392669
22.59521484375,0.8949594644285664
22.5830078125,0.8950779067477496
22.57080078125,0.895196242276846
22.55859375,0.8953144912416765
22.54638671875,0.895432633513209
22.5341796875,0.8955507147330021
22.52197265625,0.8956687094606395
22.509765625,0.895786597603514
22.49755859375,0.8959044229638173
22.4853515625,0.8960221418117739
22.47314453125,0.8961397996668768
22.4609375,0.8962573475501439
22.44873046875,0.8963748344643647
22.4365234375,0.8964922150112149
22.42431640625,0.8966094874856255
22.412109375,0.8967267208365771
22.39990234375,0.8968438479290054
22.3876953125,0.8969609123462302
22.37548828125,0.8970778470630596
22.36328125,0.8971947191532185
22.35107421875,0.8973115086446571
22.3388671875,0.8974281903185065
22.32666015625,0.8975448328674172
22.314453125,0.8976613459589072
22.30224609375,0.8977777964841402
22.2900390625,0.8978941411025135
22.27783203125,0.8980104231789138
22.265625,0.8981266228256047
22.25341796875,0.8982427365381086
22.2412109375,0.8983587678692977
22.22900390625,0.8984747133151985
22.216796875,0.898590576428225
22.20458984375,0.8987063087824371
22.1923828125,0.8988220253663863
22.18017578125,0.8989376130284835
22.16796875,0.8990531615650618
22.15576171875,0.8991685812773179
22.1435546875,0.8992839618642083
22.13134765625,0.8993992137243527
22.119140625,0.8995144264593501
22.10693359375,0.899629510565222
22.0947265625,0.8997445340757583
22.08251953125,0.899859471995781
22.0703125,0.899974349320817
22.05810546875,0.9000890982121047
22.0458984375,0.9002037981491309
22.03369140625,0.9003184241680215
22.021484375,0.9004329450592597
22.00927734375,0.9005473920818465
21.9970703125,0.9006617571973184
21.98486328125,0.9007760271074525
21.97265625,0.9008902347601493
21.96044921875,0.9010043490177319
21.9482421875,0.9011183894877985
21.93603515625,0.9012323810111607
21.923828125,0.9013462215408068
21.91162109375,0.9014600131727548
21.8994140625,0.9015737425984225
21.88720703125,0.9016873557635011
21.875,0.9018009297723814
21.86279296875,0.901914387594264
21.8505859375,0.9020277947546079
21.83837890625,0.9021410858138392
21.826171875,0.9022543165015052
21.81396484375,0.9023674735717306
21.8017578125,0.9024805473201657
21.78955078125,0.9025935166027732
21.77734375,0.9027064140945948
21.76513671875,0.9028192609469105
21.7529296875,0.9029320034195735
21.74072265625,0.9030446626942951
21.728515625,0.9031572484719157
21.71630859375,0.9032697414195396
21.7041015625,0.9033821837490981
21.69189453125,0.9034945218714371
21.6796875,0.9036067979687837
21.66748046875,0.9037190137857041
21.6552734375,0.9038311026898549
21.64306640625,0.9039431523876202
21.630859375,0.9040550866548934
21.61865234375,0.9041669493268673
21.6064453125,0.9042787613986931
21.59423828125,0.9043904695226397
21.58203125,0.904502104329513
21.56982421875,0.9046136579811307
21.5576171875,0.9047251496887943
21.54541015625,0.9048365262437821
21.533203125,0.9049478635627292
21.52099609375,0.9050591084604407
21.5087890625,0.9051702479046941
21.49658203125,0.9052813594196317
21.484375,0.9053923446511931
21.47216796875,0.905503290626654
21.4599609375,0.9056141443114905
21.44775390625,0.9057249248298225
21.435546875,0.9058356131196602
21.42333984375,0.9059462187527507
21.4111328125,0.9060567738243241
21.39892578125,0.9061672254688395
21.38671875,0.9062776057812763
21.37451171875,0.9063879355291192
21.3623046875,0.9064981714368406
21.35009765625,0.9066083040542913
21.337890625,0.9067183766407136
21.32568359375,0.9068283762057333
21.3134765625,0.9069382950289304
21.30126953125,0.9070481632940142
21.2890625,0.9071579266588311
21.27685546875,0.9072676205507911
21.2646484375,0.90737722082933
21.25244140625,0.9074867611194817
21.240234375,0.907596217288326
21.22802734375,0.9077056134711654
21.2158203125,0.9078149178763051
21.20361328125,0.9079241605635293
21.19140625,0.9080333226864409
21.17919921875,0.9081423913678637
21.1669921875,0.9082513872088478
21.15478515625,0.9083603137057367
21.142578125,0.9084691785155732
21.13037109375,0.9085779517178337
21.1181640625,0.9086866521216611
21.10595703125,0.9087952609806391
21.09375,0.9089038081946809
21.08154296875,0.9090122750222408
21.0693359375,0.9091206913093313
21.05712890625,0.9092290050324762
21.044921875,0.9093372571284765
21.03271484375,0.9094454178189858
21.0205078125,0.9095535075608525
21.00830078125,0.9096615356921295
20.99609375,0.9097694614228234
20.98388671875,0.9098773476879451
20.9716796875,0.9099851316031767
20.95947265625,0.9100928649847578
20.947265625,0.910200485039104
20.93505859375,0.9103080656093221
20.9228515625,0.9104155549837978
20.91064453125,0.9105229624901094
20.8984375,0.910630308448494
20.88623046875,0.9107375853128429
20.8740234375,0.9108447786130975
20.86181640625,0.9109518808508792
20.849609375,0.911058943554139
20.83740234375,0.9111659042361921
20.8251953125,0.9112728143834598
20.81298828125,0.9113796115999588
20.80078125,0.91148636003152
20.78857421875,0.911593057914857
20.7763671875,0.9116996429623833
20.76416015625,0.9118061665291114
20.751953125,0.9119126101865527
20.73974609375,0.912019003302595
20.7275390625,0.9121252946639794
20.71533203125,0.9122315044480838
20.703125,0.9123376855372445
20.69091796875,0.9124437431257338
20.6787109375,0.9125497719982661
20.66650390625,0.9126556992564044
20.654296875,0.9127615650742009
20.64208984375,0.9128673402402515
20.6298828125,0.9129730757432257
20.61767578125,0.9130786988721656
20.60546875,0.9131842714610932
20.59326171875,0.9132897643508534
20.5810546875,0.9133951649829
20.56884765625,0.913500525924379
20.556640625,0.9136057963631365
20.54443359375,0.9137109945654168
20.5322265625,0.9138161131601992
20.52001953125,0.913921181197638
20.5078125,0.9140261480038359
20.49560546875,0.9141310750696536
20.4833984375,0.9142358901488973
20.47119140625,0.9143406654794523
20.458984375,0.9144453612833289
20.44677734375,0.914549984928088
20.4345703125,0.9146545183032226
20.42236328125,0.9147589812823246
20.41015625,0.9148633936914531
20.39794921875,0.9149677051261974
20.3857421875,0.915071987510448
20.37353515625,0.9151761474567258
20.361328125,0.9152802469560405
20.34912109375,0.915384296737624
20.3369140625,0.9154882770260931
20.32470703125,0.9155921556480159
20.3125,0.9156959738306909
20.30029296875,0.9157997225674553
20.2880859375,0.9159033992894609
20.27587890625,0.9160069967375976
20.263671875,0.9161105435922278
20.25146484375,0.9162140103299388
20.2392578125,0.9163173862926984
20.22705078125,0.9164207018424558
20.21484375,0.9165239471552771
20.20263671875,0.9166271115738198
20.1904296875,0.9167302271020535
20.17822265625,0.9168332510989999
20.166015625,0.9169362049033248
20.15380859375,0.9170390991637444
20.1416015625,0.9171419028222709
20.12939453125,0.9172446567250779
20.1171875,0.9173473192106948
20.10498046875,0.9174499319329851
20.0927734375,0.9175524549895999
20.08056640625,0.9176549176706883
20.068359375,0.9177572996261024
20.05615234375,0.9178596114738407
20.0439453125,0.917961874392499
20.03173828125,0.9180640354578647
20.01953125,0.9181661475981001
20.00732421875,0.9182681790841398
19.9951171875,0.9183701299426404
19.98291015625,0.9184720318635209
19.970703125,0.9185738531732235
19.95849609375,0.9186755736668369
19.9462890625,0.9187772549182059
19.93408203125,0.9188788661435985
19.921875,0.9189804073512418
19.90966796875,0.9190818583661483
19.8974609375,0.9191832692349899
19.88525390625,0.9192845899399377
19.873046875,0.9193858310244637
19.86083984375,0.9194870117988218
19.8486328125,0.9195881322535242
19.83642578125,0.9196891634883594
19.82421875,0.919790144894394
19.81201171875,0.9198910354210539
19.7998046875,0.9199918664993968
19.78759765625,0.920092628512709
19.775390625,0.9201933093211667
19.76318359375,0.9202939402825537
19.7509765625,0.9203944717282043
19.73876953125,0.920494963762244
19.7265625,0.9205953746387769
19.71435546875,0.920695706928558
19.7021484375,0.9207959885048207
19.68994140625,0.9208961706974709
19.677734375,0.9209963229824725
19.66552734375,0.9210963655304335
19.6533203125,0.921196348668649
19.64111328125,0.921296270694707
19.62890625,0.9213961038573506
19.61669921875,0.9214958871407877
19.6044921875,0.9215956205172217
19.59228515625,0.9216952538644569
19.580078125,0.9217948278040039
19.56787109375,0.9218943121367319
19.5556640625,0.9219937362339441
19.54345703125,0.9220931009305517
19.53125,0.9221924062165766
19.51904296875,0.9222916116461563
19.5068359375,0.9223907671644953
19.49462890625,0.9224898529719365
19.482421875,0.9225888785355992
19.47021484375,0.9226878154885333
19.4580078125,0.9227866922149182
19.44580078125,0.9228854992648636
19.43359375,0.9229842263704066
19.42138671875,0.9230829043700081
19.4091796875,0.9231814921782796
19.39697265625,0.9232800111980524
19.384765625,0.9233784896707621
19.37255859375,0.9234768788438693
19.3603515625,0.9235751890018773
19.34814453125,0.9236734389581194
19.3359375,0.9237716295431774
19.32373046875,0.9238697496869436
19.3115234375,0.9239678010771021
19.29931640625,0.9240657539346717
19.287109375,0.9241636755465434
19.27490234375,0.9242615182217023
19.2626953125,0.924359271796667
19.25048828125,0.9244569949063511
19.23828125,0.9245546187558048
19.22607421875,0.9246521730858852
19.2138671875,0.9247496689075311
19.20166015625,0.9248470943779322
19.189453125,0.9249444503430739
19.17724609375,0.9250417469584831
19.1650390625,0.9251389546287458
19.15283203125,0.9252361122652666
19.140625,0.925333209712509
19.12841796875,0.9254302089787428
19.1162109375,0.9255271674826693
19.10400390625,0.9256240379689511
19.091796875,0.9257208482897499
19.07958984375,0.9258175891729145
19.0673828125,0.9259142606273845
19.05517578125,0.9260108626621092
19.04296875,0.9261074053645927
19.03076171875,0.9262038685805192
19.0185546875,0.9263002724697594
19.00634765625,0.9263965969028035
18.994140625,0.9264928720685102
18.98193359375,0.9265890585799661
18.9697265625,0.9266851849441742
18.95751953125,0.9267812519833519
18.9453125,0.9268772396300167
18.93310546875,0.9269731679573364
18.9208984375,0.9270690169226465
18.90869140625,0.9271647965639754
18.896484375,0.9272605177240235
18.88427734375,0.9273561679069244
18.8720703125,0.9274517504390432
18.85986328125,0.9275472719989416
18.84765625,0.9276427159333496
18.83544921875,0.9277380997305429
18.8232421875,0.9278334142426865
18.81103515625,0.9279286586515214
18.798828125,0.9280238354484115
18.78662109375,0.928118952108639
18.7744140625,0.9282139804503071
18.76220703125,0.9283089577839678
18.75,0.9284038575978931
18.73779296875,0.9284986964626606
18.7255859375,0.9285934669293057
18.71337890625,0.928688168181137
18.701171875,0.9287828010520973
18.68896484375,0.928877373800375
18.6767578125,0.9289718674566798
18.66455078125,0.929066301821408
18.65234375,0.9291606768852001
18.64013671875,0.9292549728910378
18.6279296875,0.9293491997344633
18.61572265625,0.9294433582473635
18.603515625,0.9295374755368804
18.59130859375,0.929631495752243
18.5791015625,0.9297254648840403
18.56689453125,0.9298193468453821
18.5546875,0.9299131687089263
18.54248046875,0.9300069411111923
18.5302734375,0.9301006345705018
18.51806640625,0.9301942401232952
18.505859375,0.9302878141888026
18.49365234375,0.9303813003665715
18.4814453125,0.9304747272623447
18.46923828125,0.9305680858989296
18.45703125,0.9306613746476672
18.44482421875,0.9307545943371851
18.4326171875,0.9308477547451119
18.42041015625,0.9309408461002743
18.408203125,0.9310338586563816
18.39599609375,0.931126831439683
18.3837890625,0.9312197156871277
18.37158203125,0.9313125406567931
18.359375,0.9314052868777775
18.34716796875,0.9314979835521942
18.3349609375,0.9315906014969527
18.32275390625,0.9316831512675513
18.310546875,0.931775631243
18.29833984375,0.931868061647784
18.2861328125,0.9319604133735105
18.27392578125,0.9320527058230367
18.26171875,0.9321449293061754
18.24951171875,0.9322370652959677
18.2373046875,0.932329159742989
18.22509765625,0.9324211772032581
18.212890625,0.9325131345788457
18.20068359375,0.9326050326735539
18.1884765625,0.9326968513792964
18.17626953125,0.9327886027966096
18.1640625,0.9328802941317028
18.15185546875,0.9329719069370256
18.1396484375,0.9330634700973832
18.12744140625,0.9331549547473112
18.115234375,0.9332463801278987
18.10302734375,0.933337746230149
18.0908203125,0.9334290154784479
18.07861328125,0.9335202342586615
18.06640625,0.9336113937709818
18.05419921875,0.9337024931984667
18.0419921875,0.9337935158181478
18.02978515625,0.9338844600418587
18.017578125,0.9339753537605832
18.00537109375,0.93406618739741
17.9931640625,0.9341569442753034
17.98095703125,0.9342476315405918
17.96875,0.9343382690728544
17.95654296875,0.9344288369884985
17.9443359375,0.9345193091560345
17.93212890625,0.9346097498154295
17.919921875,0.9347001113695841
17.90771484375,0.9347904152607743
17.8955078125,0.9348806400788904
17.88330078125,0.9349707874601394
17.87109375,0.9350608937528048
17.85888671875,0.9351509218125587
17.8466796875,0.935240890606378
17.83447265625,0.9353307906624935
17.822265625,0.9354206314475134
17.81005859375,0.9355104027008797
17.7978515625,0.9356000879479335
17.78564453125,0.9356897225841135
17.7734375,0.935779297951459
17.76123046875,0.9358688140411903
17.7490234375,0.9359582425867927
17.73681640625,0.9360476118747092
17.724609375,0.9361369218961859
17.71240234375,0.9362261546400013
17.7001953125,0.936315336720242
17.68798828125,0.9364044407442675
17.67578125,0.9364934855043834
17.66357421875,0.9365824616163437
17.6513671875,0.9366713784594629
17.63916015625,0.9367602360250384
17.626953125,0.9368490155908055
17.61474609375,0.9369377265361049
17.6025390625,0.9370263696664511
17.59033203125,0.9371149612816595
17.578125,0.9372034672082561
17.56591796875,0.9372919317362275
17.5537109375,0.9373803183373762
17.54150390625,0.9374686363536032
17.529296875,0.9375568857950315
17.51708984375,0.9376450852728512
17.5048828125,0.937733197582582
17.49267578125,0.9378212599239834
17.48046875,0.9379092452163325
17.46826171875,0.9379971797308583
17.4560546875,0.9380850456939879
17.44384765625,0.9381728431159063
17.431640625,0.9382605720068075
17.41943359375,0.9383482416273874
17.4072265625,0.9384358427248529
17.39501953125,0.9385233753094253
17.3828125,0.9386108486230552
17.37060546875,0.9386982534317455
17.3583984375,0.9387855905341461
17.34619140625,0.9388728760011966
17.333984375,0.9389600753440731
17.32177734375,0.9390472162108106
17.3095703125,0.9391343054250884
17.29736328125,0.9392213093566224
17.28515625,0.9393082624189344
17.27294921875,0.9393951470209757
17.2607421875,0.9394819540039469
17.24853515625,0.939568720048386
17.236328125,0.9396554084818936
17.22412109375,0.9397420201180552
17.2119140625,0.9398285717048827
17.19970703125,0.9399150815106331
17.1875,0.9400014879197309
17.17529296875,0.9400878525434452
17.1630859375,0.9401741487624915
17.15087890625,0.9402603857000057
17.138671875,0.9403465542411241
17.12646484375,0.9404326543962631
17.1142578125,0.940518695269781
17.10205078125,0.9406046677656421
17.08984375,0.9406905635933365
17.07763671875,0.9407764076661712
17.0654296875,0.94086218494032
17.05322265625,0.940947893086017
17.041015625,0.9410335510064521
17.02880859375,0.9411191315243491
17.0166015625,0.9412046346690162
17.00439453125,0.9412900966197818
16.9921875,0.9413754902370196
16.97998046875,0.9414607982584675
16.9677734375,0.9415460634943228
16.95556640625,0.9416312439443901
16.943359375,0.9417163733511267
16.93115234375,0.9418014344644806
16.9189453125,0.9418864362886017
16.90673828125,0.9419713698279282
16.89453125,0.9420562350930426
16.88232421875,0.9421410410692916
16.8701171875,0.9422257877484442
16.85791015625,0.9423104571978765
16.845703125,0.9423950673588828
16.83349609375,0.9424796010966197
16.8212890625,0.9425640837249729
16.80908203125,0.9426484981157685
16.796875,0.9427328532104631
16.78466796875,0.9428171400763525
16.7724609375,0.9429013676423488
16.76025390625,0.9429855180763638
16.748046875,0.9430696092192876
16.73583984375,0.9431536410629704
16.7236328125,0.9432375876891794
16.71142578125,0.9433215001595511
16.69921875,0.9434053274338835
16.68701171875,0.943489087307995
16.6748046875,0.943572795991975
16.66259765625,0.9436564445983092
16.650390625,0.9437400177101395
16.63818359375,0.9438235307532725
16.6259765625,0.943906975644141
16.61376953125,0.9439903523935266
16.6015625,0.944073661777659
16.58935546875,0.9441569199240218
16.5771484375,0.944240109936148
16.56494140625,0.9443232318248529
16.552734375,0.944406294406068
16.54052734375,0.9444892888729413
16.5283203125,0.9445722240288403
16.51611328125,0.9446550910795095
16.50390625,0.9447378900358074
16.49169921875,0.9448206209086016
16.4794921875,0.9449033012434889
16.46728515625,0.9449859134914653
16.455078125,0.9450684496694585
16.44287109375,0.9451509257822054
16.4306640625,0.9452333593072749
16.41845703125,0.9453157000636796
16.40625,0.9453979894868885
16.39404296875,0.9454802195867974
16.3818359375,0.945562372921453
16.36962890625,0.9456444669421141
16.357421875,0.9457265016408534
16.34521484375,0.9458084596135197
16.3330078125,0.9458903669654359
16.32080078125,0.9459721896842365
16.30859375,0.9460539783806176
16.29638671875,0.946135681709369
16.2841796875,0.9462173343857879
16.27197265625,0.9462989104021308
16.259765625,0.94638042709637
16.24755859375,0.9464618844606421
16.2353515625,0.9465432652042518
16.22314453125,0.9466245952625101
16.2109375,0.9467058487222241
16.19873046875,0.9467870436109612
16.1865234375,0.9468681784153684
16.17431640625,0.9469492538805843
16.162109375,0.9470302527915916
16.14990234375,0.9471111837757049
16.1376953125,0.9471920640260225
16.12548828125,0.9472728763464635
16.11328125,0.9473536207481583
16.10107421875,0.9474343143863927
16.0888671875,0.9475149322861542
16.07666015625,0.9475954893495007
16.064453125,0.9476759714574858
16.05224609375,0.9477563934881578
16.0400390625,0.9478367647228867
16.02783203125,0.9479170680665574
16.015625,0.9479973035303676
16.00341796875,0.9480774711255235
15.991209983825684,0.9481575862264735
15.979004859924316,0.9482376221841576
15.966796875,0.9483176093246213
15.95458984375,0.9483975147667555
15.9423828125,0.9484773763648104
15.930176734924316,0.9485571647767098
15.917967796325684,0.9486368873689198
15.905760765075684,0.9487165546688149
15.8935546875,0.9487961480731136
15.88134765625,0.9488756797278524
15.869140625,0.9489551443163484
15.85693359375,0.9490345488119231
15.8447265625,0.9491138855095328
15.83251953125,0.9491931628537165
15.8203125,0.9492723808368562
15.808106422424316,0.9493515410996755
15.795897483825684,0.9494306278889649
15.78369140625,0.9495096449121446
15.771484375,0.9495886085970743
15.75927734375,0.9496674961176306
15.7470703125,0.9497463326711099
15.734864234924316,0.9498250954609283
15.72265625,0.9499038025126552
15.71044921875,0.9499824365599152
15.6982421875,0.950061018137082
15.686034202575684,0.9501395310764026
15.673827171325684,0.950217986276553
15.66162109375,0.9502963594267373
15.6494140625,0.9503746875309985
15.63720703125,0.9504529395850725
15.624999046325684,0.9505311306416069
15.612792015075684,0.9506092722724362
15.600586891174316,0.9506873418673923
15.588377952575684,0.9507653358050591
15.576172828674316,0.9508432783363813
15.563963890075684,0.9509211618208437
15.551756858825684,0.9509989733095311
15.53955078125,0.9510767112036509
15.527344703674316,0.9511544055497608
15.51513671875,0.9512320289911839
15.5029296875,0.9513095781344716
15.49072265625,0.9513870761594957
15.478516578674316,0.9514645088827628
15.46630859375,0.9515418775315759
15.4541015625,0.951619181616782
15.441893577575684,0.9516964232449545
15.4296875,0.9517735937003309
15.41748046875,0.9518507181472511
15.405274391174316,0.9519277616043069
15.393065452575684,0.9520047483393181
15.380859375,0.9520816722890326
15.36865234375,0.9521585352358163
15.3564453125,0.9522353305910111
15.34423828125,0.9523120665464485
15.332032203674316,0.952388737243258
15.31982421875,0.9524653364491845
15.307618141174316,0.9525418712927135
15.29541015625,0.9526183598621772
15.283203125,0.9526947743072373
15.27099609375,0.952771121204437
15.2587890625,0.9528474168371336
15.246581077575684,0.9529236433300605
15.234375953674316,0.9529997996505261
15.222168922424316,0.953075900790511
15.2099609375,0.9531519328170571
15.197752952575684,0.9532279209242438
15.185546875,0.9533038137058583
15.173338890075684,0.9533796748614298
15.161131858825684,0.9534554546178455
15.14892578125,0.9535311610986088
15.13671875,0.9536068139563096
15.12451171875,0.9536824073972101
15.1123046875,0.953757941414089
15.10009765625,0.9538334006082941
15.087890625,0.9539088150528334
15.07568359375,0.9539841466449642
15.0634765625,0.9540594115020165
15.05126953125,0.9541346396057265
15.039063453674316,0.9542097871855724
15.02685546875,0.9542848714913468
15.0146484375,0.9543598899257687
15.002442359924316,0.9544348585021623
14.990234375,0.9545097412268715
14.97802734375,0.9545845806589514
14.9658203125,0.9546593533722135
14.95361328125,0.9547340666443389
14.94140625,0.9548087045264347
14.92919921875,0.9548832829785434
14.9169921875,0.9549577947442307
14.90478515625,0.9550322543209498
14.892579078674316,0.9551066401085779
14.880370140075684,0.9551809697440745
14.8681640625,0.9552552366510052
14.855956077575684,0.9553294330830703
14.843750953674316,0.9554035675066196
14.831543922424316,0.9554776386888572
14.819334983825684,0.9555516545390194
14.80712890625,0.9556256083692222
14.794921875,0.9556994861119985
14.782715797424316,0.9557733131412267
14.7705078125,0.9558470697465928
14.75830078125,0.9559207684409843
14.746094703674316,0.9559943941778435
14.733887672424316,0.9560679660938548
14.7216796875,0.9561414770134098
14.70947265625,0.9562149221514217
14.697266578674316,0.9562882936723562
14.685057640075684,0.9563616239638859
14.672852516174316,0.9564348709695024
14.66064453125,0.9565080688866775
14.6484375,0.9565811932199196
14.63623046875,0.9566542580941202
14.624024391174316,0.9567272579202515
14.61181640625,0.9568002094375901
14.599609375,0.9568730803071263
14.58740234375,0.9569458995018545
14.5751953125,0.9570186436551665
14.56298828125,0.9570913290420995
14.55078125,0.957163954263076
14.538573265075684,0.9572365177961712
14.526366233825684,0.9573090163046014
14.514161109924316,0.9573814513092314
14.501954078674316,0.9574538160692591
14.489747047424316,0.957526128404927
14.4775390625,0.9575983720160245
14.46533203125,0.9576705646893487
14.453125,0.9577426760990947
14.440917015075684,0.9578147405711597
14.4287109375,0.9578867268274722
14.416504859924316,0.9579586683158758
14.404296875,0.958030531913899
14.392090797424316,0.9581023390344046
14.3798828125,0.9581740836635972
14.36767578125,0.9582457626260166
14.355467796325684,0.9583173806011608
14.34326171875,0.958388935102946
14.331055641174316,0.9584604217699911
14.318846702575684,0.9585318590749831
14.306639671325684,0.9586032252597158
14.29443359375,0.9586745264894693
14.2822265625,0.9587457729894174
14.27001953125,0.9588169461070102
14.2578125,0.9588880590455762
14.245606422424316,0.9589591139700305
14.2333984375,0.9590301064160479
14.22119140625,0.9591010256434747
14.208984375,0.9591718929653478
14.19677734375,0.9592426931903196
14.184571266174316,0.9593134284924856
14.172364234924316,0.9593841021291705
14.160155296325684,0.959454712621884
14.14794921875,0.9595252618365848
14.1357421875,0.9595957493836497
14.123534202575684,0.9596661683969873
14.111328125,0.9597365383847337
14.09912109375,0.9598068398381635
14.086915016174316,0.9598770613400751
14.07470703125,0.9599472422895123
14.0625,0.9600173501464623
14.05029296875,0.9600873909794333
14.0380859375,0.9601573798005887
14.02587890625,0.9602273090907066
14.013672828674316,0.960297172817811
14.001463890075684,0.9603669576681679
13.9892578125,0.9604366948628245
13.977049827575684,0.9605063696071727
13.964842796325684,0.9605759713490633
13.95263671875,0.9606455224818374
13.9404296875,0.9607149983945075
13.92822265625,0.9607844215560569
13.916015625,0.9608537777422572
13.903807640075684,0.9609230797030016
13.891602516174316,0.960992305534428
13.87939453125,0.9610614816588935
13.867186546325684,0.96113057600175
13.85498046875,0.9611996285246178
13.8427734375,0.9612686059219047
13.830567359924316,0.9613375245579595
13.818359375,0.9614063874846182
13.80615234375,0.9614751782058804
13.793946266174316,0.9615439041204844
13.78173828125,0.961612574320655
13.769530296325684,0.9616811843029849
13.757323265075684,0.9617497294766088
13.7451171875,0.961818202502453
13.73291015625,0.9618866285725943
13.720703125,0.9619549877419932
13.708495140075684,0.9620232712660586
13.6962890625,0.9620915060931803
13.68408203125,0.9621596646362016
13.671875,0.9622277775911706
13.65966796875,0.9622958103927066
13.6474609375,0.9623637902851261
13.635254859924316,0.9624317120389189
13.623046875,0.9624995713807801
13.61083984375,0.9625673652949603
13.5986328125,0.9626350923719477
13.58642578125,0.9627027532840706
13.574219703674316,0.9627703626545957
13.56201171875,0.9628379089609066
13.5498046875,0.9629053905178591
13.53759765625,0.962972798683084
13.525390625,0.9630401538671568
13.513184547424316,0.9631074508871812
13.5009765625,0.96317467828943
13.488770484924316,0.9632418423782874
13.476563453674316,0.963308944835533
13.46435546875,0.963375986314896
13.452149391174316,0.9634429710235132
13.439940452575684,0.9635098912838319
13.427734375,0.9635767496330071
13.415528297424316,0.9636435346990317
13.4033203125,0.9637102639137373
13.391114234924316,0.9637769363390438
13.378907203674316,0.9638435341165343
13.36669921875,0.9639100839205396
13.354491233825684,0.963976560490457
13.34228515625,0.9640429737759661
13.330078125,0.9641093254392721
13.31787109375,0.9641756175177219
13.3056640625,0.9642418500050659
13.293456077575684,0.9643080279700005
13.281250953674316,0.9643741233600851
13.269043922424316,0.9644401770482174
13.256836891174316,0.9645061498485709
13.24462890625,0.9645720687676962
13.232421875,0.9646379223890724
13.22021484375,0.9647037234855731
13.2080078125,0.9647694508369358
13.195801734924316,0.9648351135548164
13.18359375,0.9649007267460674
13.171387672424316,0.9649662702631091
13.1591796875,0.9650317501439224
13.146971702575684,0.9650971640301063
13.134764671325684,0.9651625267144254
13.12255859375,0.96522781774894
13.110352516174316,0.965293042165784
13.098145484924316,0.9653582119857181
13.0859375,0.965423327188632
13.07373046875,0.9654883707778034
13.061522483825684,0.9655533533922828
13.04931640625,0.96561827911343
13.037109375,0.9656831235602299
13.02490234375,0.9657479350138275
13.0126953125,0.965812653281474
13.00048828125,0.9658773321879037
12.98828125,0.9659419375593201
12.97607421875,0.9660064833143517
12.9638671875,0.9660709694469276
12.95166015625,0.9661353827251701
12.939453125,0.9661997489727515
12.92724609375,0.9662640492969946
12.915040016174316,0.96632827814585
12.90283203125,0.9663924572287144
12.890625,0.9664565654820972
12.87841796875,0.9665206134764219
12.8662109375,0.9665846018384592
12.85400390625,0.9666485236832729
12.841797828674316,0.9667123741215474
12.82958984375,0.966776188472491
12.8173828125,0.9668399245452396
12.80517578125,0.9669035879037964
12.79296875,0.9669672109281013
12.78076171875,0.9670307550266268
12.768555641174316,0.9670942470337979
12.75634765625,0.9671576630743437
12.744139671325684,0.9672210393264322
12.73193359375,0.9672843325589847
12.7197265625,0.9673475710170018
12.70751953125,0.9674107430274107
12.6953125,0.9674738621944081
12.683104515075684,0.9675369135917705
12.670897483825684,0.9675999066627429
12.65869140625,0.9676628346214419
12.646484375,0.9677256954615514
12.63427734375,0.9677884960359412
12.6220703125,0.96785123696174
12.60986328125,0.9679139182330603
12.597657203674316,0.9679765350346722
12.58544921875,0.9680390883135728
12.5732421875,0.9681015838678906
12.56103515625,0.9681640130323698
12.548828125,0.9682263892570363
12.53662109375,0.9682886862873762
12.5244140625,0.9683509297604802
12.51220703125,0.968413113570803
12.5,0.9684752377125129
12.48779296875,0.9685372954936395
12.4755859375,0.9685992869276587
12.46337890625,0.9686612187013346
12.451171875,0.9687230847566434
12.43896484375,0.9687849032444393
12.4267578125,0.9688466433079479
12.41455078125,0.9689083297470732
12.40234375,0.9689699498686379
12.39013671875,0.9690315103208506
12.3779296875,0.9690930110979428
12.36572265625,0.9691544455723404
12.353515625,0.9692158269883443
12.34130859375,0.9692771354940783
12.3291015625,0.9693383783345755
12.31689453125,0.9693995734826355
12.304688453674316,0.9694606982565489
12.292481422424316,0.9695217614597897
12.2802734375,0.9695827636996237
12.26806640625,0.9696437009632511
12.255859375,0.9697045785459072
12.24365234375,0.969765389884451
12.2314453125,0.9698261480945102
12.21923828125,0.9698868400619537
12.20703125,0.9699474658004191
12.19482421875,0.9700080383869162
12.1826171875,0.9700685322991435
12.17041015625,0.970128972456795
12.158203125,0.9701893653487599
12.14599609375,0.9702496802091016
12.1337890625,0.9703099347806238
12.12158203125,0.970370129660343
12.109375,0.9704302648426276
12.09716796875,0.9704903338417031
12.0849609375,0.9705503496186914
12.07275390625,0.9706102868787306
12.060546875,0.9706701761809101
12.04833984375,0.9707299999152328
12.036131858825684,0.9707897562408206
12.02392578125,0.970849455976478
12.01171875,0.9709090941554338
11.99951171875,0.9709686726252157
11.9873046875,0.971028184958108
11.97509765625,0.9710876311678865
11.962890625,0.9711470176775875
11.95068359375,0.9712063450757363
11.9384765625,0.971265611574563
11.92626953125,0.9713248189507545
11.9140625,0.9713839544303335
11.90185546875,0.9714430417768554
11.8896484375,0.9715020508709498
11.87744140625,0.9715610072200794
11.865234375,0.9716199032591557
11.85302734375,0.9716787268717852
11.8408203125,0.9717375034702342
11.82861328125,0.9717962076570541
11.81640625,0.9718548521291928
11.80419921875,0.9719134368811749
11.7919921875,0.9719719561760358
11.77978515625,0.9720304151647334
11.767578125,0.9720888201493959
11.75537109375,0.9721471476661392
11.7431640625,0.9722054211808561
11.73095703125,0.972263628681801
11.71875,0.9723217827433872
11.70654296875,0.9723798707932493
11.6943359375,0.9724378928453291
11.68212890625,0.9724958557573183
11.669921875,0.9725537583575703
11.65771484375,0.9726116012240579
11.6455078125,0.9726693781098726
11.63330078125,0.9727270952640487
11.62109375,0.9727847526812022
11.60888671875,0.9728423441338128
11.5966796875,0.9728998758515652
11.58447265625,0.9729573478290939
11.572265625,0.9730147538582703
11.56005859375,0.9730721001494265
11.5478515625,0.9731293805073628
11.53564453125,0.9731865955228105
11.5234375,0.9732437564097756
11.51123046875,0.9733008569746233
11.4990234375,0.9733578927750088
11.48681640625,0.9734148620980028
11.474609375,0.9734717778355306
11.46240234375,0.9735286276736386
11.4501953125,0.9735854116264124
11.43798828125,0.9736421481030766
11.42578125,0.9736988125585807
11.41357421875,0.9737554055979453
11.4013671875,0.9738119505603932
11.38916015625,0.9738684296563442
11.376953125,0.9739248489993246
11.36474609375,0.9739812024911451
11.3525390625,0.9740374962324185
11.34033203125,0.9740937302179026
11.328125,0.9741498983688194
11.31591796875,0.9742060067664092
11.3037109375,0.9742620499116927
11.29150390625,0.974318038226572
11.279296875,0.9743739673393249
11.26708984375,0.9744298191195454
11.2548828125,0.974485616628107
11.24267578125,0.9745413543779528
11.23046875,0.9745970353748022
11.21826171875,0.9746526505807538
11.2060546875,0.9747082030144739
11.19384765625,0.9747636926804953
11.181640625,0.9748191225813279
11.16943359375,0.9748744782992526
11.1572265625,0.9749297856783911
11.14501953125,0.9749850302950902
11.1328125,0.9750402091688836
11.12060546875,0.9750953312594397
11.1083984375,0.9751503935733647
11.09619140625,0.9752053871795592
11.083984375,0.9752603210183
11.07177734375,0.975315198053334
11.0595703125,0.9753700064073755
11.04736328125,0.9754247496227102
11.03515625,0.97547944380092
11.02294921875,0.975534064517343
11.0107421875,0.9755886278654406
10.99853515625,0.9756431314363455
10.986328125,0.975697572278791
10.97412109375,0.9757519533403919
10.9619140625,0.9758062716763685
10.94970703125,0.9758605272913844
10.9375,0.9759147201901107
10.92529296875,0.9759688533072391
10.9130859375,0.976022915480716
10.90087890625,0.9760769314059762
10.888671875,0.9761308740256971
10.87646484375,0.9761847621542153
10.8642578125,0.9762385846613546
10.85205078125,0.9762923444721322
10.83984375,0.9763460444986183
10.82763671875,0.9763996876399343
10.8154296875,0.9764532651787762
10.80322265625,0.9765067800272331
10.791015625,0.9765602321900547
10.77880859375,0.9766136274542979
10.7666015625,0.9766669513657332
10.75439453125,0.9767202160401672
10.7421875,0.9767734261485971
10.72998046875,0.976826567819414
10.7177734375,0.9768796525766532
10.70556640625,0.9769326775339566
10.693359375,0.9769856288845883
10.68115234375,0.9770385365681623
10.6689453125,0.9770913683386513
10.65673828125,0.9771441397819632
10.64453125,0.9771968594613242
10.63232421875,0.9772495089920303
10.6201171875,0.9773020981889738
10.60791015625,0.9773546275856835
10.595703125,0.9774070943347466
10.58349609375,0.9774595012803222
10.5712890625,0.977511845581494
10.55908203125,0.9775641272431345
10.546875,0.9776163462701236
10.53466796875,0.977668505493677
10.5224609375,0.9777206049089591
10.51025390625,0.977772636584133
10.498046875,0.9778246079277794
10.48583984375,0.9778765222815011
10.4736328125,0.9779283712004121
10.46142578125,0.9779801603129104
10.44921875,0.9780318896141971
10.43701171875,0.9780835562990947
10.4248046875,0.9781351575754066
10.41259765625,0.9781867046334016
10.400390625,0.978238181232617
10.38818359375,0.9782896002883344
10.3759765625,0.9783409595301241
10.36376953125,0.9783922561723093
10.3515625,0.9784434929975476
10.33935546875,0.9784946616778051
10.3271484375,0.978545773322286
10.31494140625,0.9785968251485831
10.302734375,0.9786478171519694
10.29052734375,0.9786987360433184
10.2783203125,0.9787496028860069
10.26611328125,0.9788004043947055
10.25390625,0.9788511488393229
10.24169921875,0.9789018279600266
10.2294921875,0.9789524527524804
10.21728515625,0.9790030067406826
10.205078125,0.9790535036525446
10.19287109375,0.9791039380026939
10.1806640625,0.9791543127874213
10.16845703125,0.9792046244961264
10.15625,0.9792548741692901
10.14404296875,0.9793050610358652
10.1318359375,0.979355190798154
10.11962890625,0.9794052528354144
10.107421875,0.9794552547949666
10.09521484375,0.979505196930086
10.0830078125,0.9795550792361533
10.07080078125,0.9796048992620885
10.05859375,0.9796546537999191
10.04638671875,0.9797043512108764
10.0341796875,0.9797539860940964
10.02197265625,0.979803561144749
10.009765625,0.9798530709847223
9.99755859375,0.9799025209959629
9.9853515625,0.9799519111739003
9.97314453125,0.9800012364142929
9.9609375,0.9800505015706232
9.94873046875,0.9800997042224507
9.9365234375,0.9801488499630552
9.92431640625,0.9801979326894897
9.912109375,0.9802469507598077
9.89990234375,0.980295906086702
9.8876953125,0.98034480183538
9.87548828125,0.9803936374961625
9.86328125,0.980442415713129
9.85107421875,0.980491129042533
9.8388671875,0.9805397772472082
9.82666015625,0.9805883634823297
9.814453125,0.9806368946526202
9.80224609375,0.9806853604602
9.7900390625,0.9807337693062189
9.77783203125,0.9807821080505637
9.765625,0.9808303945798932
9.75341796875,0.980878611030591
9.7412109375,0.9809267723805001
9.72900390625,0.9809748665427819
9.716796875,0.981022908447342
9.70458984375,0.9810708826766121
9.6923828125,0.9811187970621852
9.68017578125,0.9811666466494163
9.66796875,0.9812144387448191
9.65576171875,0.98126217074256
9.6435546875,0.9813098356121795
9.63134765625,0.9813574380555332
9.619140625,0.9814049853334064
9.60693359375,0.981452468090093
9.5947265625,0.9814998933302376
9.58251953125,0.9815472486667891
9.5703125,0.9815945539554991
9.55810546875,0.9816417893579138
9.5458984375,0.9816889651607444
9.53369140625,0.9817360783099383
9.521484375,0.9817831367260396
9.50927734375,0.9818301276179282
9.4970703125,0.9818770586611504
9.48486328125,0.9819239275477839
9.47265625,0.981970736339988
9.46044921875,0.982017482736639
9.4482421875,0.9820641669857059
9.43603515625,0.9821107911412688
9.423828125,0.9821573529111534
9.41162109375,0.9822038548282477
9.3994140625,0.982250296888266
9.38720703125,0.9822966742862476
9.375,0.9823429915902206
9.36279296875,0.9823892513111437
9.3505859375,0.9824354416010114
9.33837890625,0.9824815768202149
9.326171875,0.9825276496716648
9.31396484375,0.9825736576595197
9.3017578125,0.9826196107915204
9.28955078125,0.9826654965696274
9.27734375,0.9827113227323282
9.26513671875,0.982757086309556
9.2529296875,0.9828027900308437
9.24072265625,0.9828484363738096
9.228515625,0.9828940131691266
9.21630859375,0.9829395323529764
9.2041015625,0.9829849916771167
9.19189453125,0.983030388668565
9.1796875,0.9830757282639953
9.16748046875,0.9831210030626137
9.1552734375,0.9831662133156147
9.14306640625,0.983211363478008
9.130859375,0.9832564537817339
9.11865234375,0.9833014842226431
9.1064453125,0.9833464525852915
9.09423828125,0.9833913606139757
9.08203125,0.9834362019243428
9.06982421875,0.9834809880194453
9.0576171875,0.9835257118111482
9.04541015625,0.9835703711087015
9.033203125,0.9836149727400171
9.02099609375,0.9836595096552405
9.0087890625,0.9837039893620364
8.99658203125,0.9837484041313862
8.984375,0.9837927566248872
8.97216796875,0.9838370540786691
8.9599609375,0.983881289017137
8.94775390625,0.9839254573326978
8.935546875,0.9839695657885273
8.92333984375,0.9840136165472083
8.9111328125,0.9840576050382551
8.89892578125,0.9841015312674058
8.88671875,0.9841453952404038
8.87451171875,0.9841891993470605
8.8623046875,0.9842329412025496
8.85009765625,0.9842766210414028
8.837890625,0.9843202407858458
8.82568359375,0.9843638006609232
8.8134765625,0.9844072982948756
8.80126953125,0.9844507315566308
8.7890625,0.9844941070899134
8.77685546875,0.9845374227509017
8.7646484375,0.9845806738261936
8.75244140625,0.9846238673857354
8.740234375,0.9846669942492405
8.72802734375,0.9847100610241634
8.7158203125,0.9847530726163795
8.70361328125,0.9847960173103564
8.69140625,0.9848389021369295
8.67919921875,0.9848817273169571
8.6669921875,0.9849244921721192
8.65478515625,0.9849671927221738
8.642578125,0.9850098313040115
8.63037109375,0.9850524097941644
8.6181640625,0.9850949284129511
8.60595703125,0.9851373827549542
8.59375,0.9851797793165099
8.58154296875,0.985222113695761
8.5693359375,0.9852643882011232
8.55712890625,0.9853066005294695
8.544921875,0.9853487509083771
8.53271484375,0.9853908366074444
8.5205078125,0.985432867022163
8.50830078125,0.9854748352705168
8.49609375,0.9855167390755195
8.48388671875,0.9855585875715678
8.4716796875,0.9856003672967824
8.45947265625,0.9856420914851427
8.447265625,0.985683751253981
8.43505859375,0.9857253534188831
8.4228515625,0.9857668911762149
8.41064453125,0.9858083670203427
8.3984375,0.9858497850335753
8.38623046875,0.985891140914023
8.3740234375,0.9859324346676892
8.36181640625,0.9859736665179455
8.349609375,0.9860148403062255
8.33740234375,0.9860559501663734
8.3251953125,0.9860969999374309
8.31298828125,0.9861379875987557
8.30078125,0.986178913372312
8.28857421875,0.986219781286858
8.2763671875,0.9862605870967474
8.26416015625,0.9863013308080388
8.251953125,0.986342014644423
8.23974609375,0.9863826386021719
8.2275390625,0.9864231962584817
8.21533203125,0.986463698035578
8.203125,0.9865041359481194
8.19091796875,0.9865445115715716
8.1787109375,0.9865848295219976
8.16650390625,0.9866250832016248
8.154296875,0.9866652772218174
8.14208984375,0.9867054089654521
8.1298828125,0.986745483021325
8.11767578125,0.9867854928308917
8.10546875,0.9868254427669397
8.09326171875,0.9868653286865164
8.0810546875,0.986905158870806
8.06884765625,0.9869449248333786
8.056640625,0.9869846309209069
8.04443359375,0.9870242730154446
8.0322265625,0.9870638550305977
8.02001953125,0.9871033771728923
8.0078125,0.9871428394387118
7.995604991912842,0.9871822392590363
7.9833984375,0.9872215778892502
7.97119140625,0.9872608562288503
7.958983898162842,0.9873000742761602
7.94677734375,0.9873392292066832
7.9345703125,0.9873783195848967
7.92236328125,0.9874173541519683
7.91015625,0.9874563267138514
7.897948741912842,0.9874952387819969
7.8857421875,0.9875340900862164
7.87353515625,0.9875728808961236
7.861328125,0.9876116075997141
7.84912109375,0.9876502765424224
7.836913585662842,0.9876888809832656
7.82470703125,0.9877274265737117
7.812499523162842,0.9877659091696472
7.800293445587158,0.987804331221004
7.788086414337158,0.9878426944791764
7.775878429412842,0.9878809968453892
7.763672351837158,0.9879192350951673
7.75146484375,0.9879574120619957
7.739258289337158,0.9879955301690471
7.72705078125,0.9880335873942081
7.71484375,0.9880715851457971
7.702637195587158,0.9881095192773304
7.6904296875,0.9881473927363452
7.67822265625,0.9881852067225533
7.666016101837158,0.9882229573099368
7.653809070587158,0.9882606494862025
7.6416015625,0.9882982772785494
7.62939453125,0.9883358456013731
7.617187976837158,0.9883733526013253
7.60498046875,0.988410800784205
7.5927734375,0.9884481854031487
7.580565929412842,0.98848551159786
7.568359375,0.9885227750317324
7.55615234375,0.9885599780032661
7.5439453125,0.988597121102502
7.53173828125,0.9886341984493923
7.519531726837158,0.9886712201733782
7.50732421875,0.9887081792203016
7.4951171875,0.9887450769677331
7.48291015625,0.9887819144521716
7.470703125,0.9888186922603938
7.45849609375,0.9888554063779231
7.446289539337158,0.988892058818571
7.43408203125,0.9889286526191684
7.421875476837158,0.9889651855201739
7.409667491912842,0.9890016570028263
7.3974609375,0.9890380661817182
7.38525390625,0.9890744149166568
7.373047351837158,0.989110702380055
7.36083984375,0.9891469309970594
7.348633289337158,0.9891830985312139
7.336426258087158,0.9892192038395443
7.32421875,0.9892552488996113
7.312012195587158,0.9892912311124681
7.2998046875,0.9893271562441828
7.28759765625,0.9893630161940378
7.275390625,0.9893988164747994
7.263183116912842,0.9894345600364531
7.250977039337158,0.9894702356771444
7.23876953125,0.989505853844527
7.2265625,0.9895414105794239
7.21435546875,0.9895769093903116
7.2021484375,0.9896123444549877
7.18994140625,0.9896477196560804
7.177733898162842,0.9896830326869522
7.165527820587158,0.9897182852366181
7.153319835662842,0.9897534779801991
7.14111328125,0.9897886083201363
7.12890625,0.9898236786156074
7.11669921875,0.9898586869462805
7.1044921875,0.9898936354171124
7.092285633087158,0.989928522674062
7.080077648162842,0.9899633504944146
7.06787109375,0.9899981142236479
7.0556640625,0.9900328194419534
7.043457508087158,0.9900674615623355
7.03125,0.99010204669197
7.01904296875,0.99013657043198
7.006836414337158,0.9901710309031435
6.99462890625,0.9902054326702016
6.982421398162842,0.9902397708184361
6.97021484375,0.9902740481479365
6.9580078125,0.9903082650779866
6.945801258087158,0.9903424243821441
6.933593273162842,0.9903765190093483
6.92138671875,0.9904105550477641
6.9091796875,0.9904445323599083
6.896973133087158,0.9904784431105151
6.884765148162842,0.9905122981302137
6.87255859375,0.9905460891782152
6.8603515625,0.9905798198357073
6.84814453125,0.9906134889793202
6.8359375,0.990647099749132
6.82373046875,0.9906806473510251
6.8115234375,0.9907141349227112
6.79931640625,0.9907475626418221
6.787109851837158,0.9907809273878945
6.77490234375,0.9908142348666724
6.7626953125,0.9908474777398675
6.75048828125,0.9908806624040228
6.738281726837158,0.990913784118595
6.726074695587158,0.9909468472674765
6.7138671875,0.9909798500352879
6.70166015625,0.9910127882450693
6.689453601837158,0.9910456669618519
6.677245616912842,0.9910784880286803
6.6650390625,0.9911112452556088
6.65283203125,0.9911439421155507
6.640625476837158,0.9911765794751674
6.628418445587158,0.9912091566399124
6.6162109375,0.991241671829601
6.60400390625,0.9912741257401328
6.591796875,0.9913065198061435
6.57958984375,0.9913388522553817
6.567382335662842,0.9913711227531046
6.555176258087158,0.9914033330196561
6.54296875,0.9914354854233165
6.530761241912842,0.9914675746369987
6.5185546875,0.9914996013547145
6.50634765625,0.9915315694769475
6.494140625,0.9915634777574831
6.48193359375,0.99159532445034
6.4697265625,0.991627111302263
6.457520008087158,0.9916588353445541
6.4453125,0.991690498709823
6.43310546875,0.9917221043044813
6.420898914337158,0.9917536453775933
6.40869140625,0.9917851273361934
6.396484375,0.991816549960704
6.384277820587158,0.9918479098117412
6.372069835662842,0.9918792119242301
6.35986328125,0.991910448681846
6.34765625,0.9919416285291864
6.335448741912842,0.9919727447999461
6.3232421875,0.9920038020684172
6.31103515625,0.9920347990069297
6.298828601837158,0.9920657332176946
6.28662109375,0.9920966099950623
6.2744140625,0.9921274240521883
6.26220703125,0.9921581750774534
6.25,0.9921888677967824
6.23779296875,0.9922195006868536
6.2255859375,0.9922500722362534
6.21337890625,0.9922805837915061
6.201171875,0.9923110321804085
6.18896484375,0.9923414224130281
6.1767578125,0.9923717528156635
6.16455078125,0.9924020185761585
6.152344226837158,0.9924322263309462
6.14013671875,0.9924623719695171
6.1279296875,0.992492458106734
6.11572265625,0.992522484419943
6.103515625,0.9925524476235723
6.09130859375,0.9925823528112562
6.0791015625,0.9926121978488587
6.06689453125,0.9926419784872725
6.0546875,0.9926716991524238
6.04248046875,0.9927013616285746
6.0302734375,0.9927309626597096
6.018065929412842,0.9927605019400858
6.005859375,0.9927899805756707
5.99365234375,0.9928194005382213
5.9814453125,0.9928487590712981
5.96923828125,0.9928780561820819
5.95703125,0.9929072920366376
5.94482421875,0.9929364693630754
5.9326171875,0.9929655839973225
5.92041015625,0.9929946386651376
5.908203125,0.9930236335224604
5.89599609375,0.9930525655527043
5.8837890625,0.9930814406303793
5.87158203125,0.9931102514665054
5.859375,0.9931390039201171
5.84716796875,0.9931676949907506
5.8349609375,0.9931963248414638
5.82275390625,0.9932248947335381
5.810546875,0.9932534032578217
5.79833984375,0.9932818535403815
5.7861328125,0.9933102424565536
5.77392578125,0.993338568460773
5.76171875,0.9933668363728059
5.74951171875,0.9933950427794475
5.7373046875,0.9934231878422661
5.72509765625,0.9934512731082706
5.712890625,0.9934792985749178
5.70068359375,0.9935072613258046
5.6884765625,0.9935351656625188
5.67626953125,0.9935630086722584
5.6640625,0.9935907918856515
5.65185546875,0.993618511651331
5.6396484375,0.9936461751214961
5.62744140625,0.9936737745492001
5.615234375,0.9937013147944186
5.60302734375,0.9937287929868436
5.5908203125,0.9937562128977826
5.57861328125,0.9937835701632735
5.56640625,0.9938108682441412
5.55419921875,0.9938381065357681
5.5419921875,0.9938652827999691
5.52978515625,0.9938923992798532
5.517578125,0.9939194559729666
5.50537109375,0.9939464500630917
5.4931640625,0.9939733842268829
5.48095703125,0.9940002593467411
5.46875,0.9940270732091345
5.45654296875,0.9940538245002417
5.4443359375,0.9940805180692818
5.43212890625,0.9941071496628267
5.419921875,0.9941337222085469
5.40771484375,0.9941602327903749
5.3955078125,0.9941866843228606
5.38330078125,0.9942130739030801
5.37109375,0.9942394016875079
5.35888671875,0.9942656717237663
5.3466796875,0.9942918785307511
5.33447265625,0.9943180268648244
5.322265625,0.994344116714704
5.31005859375,0.9943701420702453
5.2978515625,0.9943961089467319
5.28564453125,0.9944220146317354
5.2734375,0.9944478619692746
5.26123046875,0.9944736467022488
5.2490234375,0.9944993704006968
5.23681640625,0.9945250349024797
5.224609375,0.9945506382339627
5.21240234375,0.9945761818045209
5.2001953125,0.9946016636537504
5.18798828125,0.9946270863048846
5.17578125,0.9946524484987607
5.16357421875,0.9946777502380134
5.1513671875,0.9947029915252829
5.13916015625,0.994728171119256
5.126953125,0.9947532915134736
5.11474609375,0.9947783500880937
5.1025390625,0.9948033502863409
5.09033203125,0.99482828874207
5.078125,0.9948531673792959
5.06591796875,0.9948779855831766
5.0537109375,0.994902742065245
5.04150390625,0.9949274394136242
5.029296875,0.9949520764044137
5.01708984375,0.9949766522301446
5.0048828125,0.9950011683123022
4.99267578125,0.9950256246486736
4.98046875,0.9950500186252219
4.96826171875,0.9950743535324783
4.9560546875,0.9950986272972624
4.94384765625,0.9951228407256778
4.931640625,0.995146994947008
4.91943359375,0.9951710888308891
4.9072265625,0.9951951198062464
4.89501953125,0.9952190921723839
4.8828125,0.9952430042779652
4.87060546875,0.9952668559278762
4.8583984375,0.9952906459497443
4.84619140625,0.9953143774833529
4.833984375,0.9953380473974558
4.82177734375,0.9953616575193069
4.8095703125,0.9953852066186489
4.79736328125,0.995408696703183
4.78515625,0.9954321250625107
4.77294921875,0.9954554931221619
4.7607421875,0.9954788013961778
4.74853515625,0.9955020493084864
4.736328125,0.9955252362889614
4.72412109375,0.9955483629163666
4.7119140625,0.9955714297635311
4.69970703125,0.9955944362603455
4.6875,0.9956173824729532
4.67529296875,0.9956402682774755
4.6630859375,0.9956630937402244
4.65087890625,0.9956858594894495
4.638671875,0.9957085637145477
4.62646484375,0.9957312087911562
4.6142578125,0.9957537923556602
4.60205078125,0.9957763155335798
4.58984375,0.9957987796246494
4.57763671875,0.9958211822216898
4.5654296875,0.9958435256690943
4.55322265625,0.9958658076345477
4.541015625,0.9958880298393485
4.52880859375,0.9959101923432077
4.5166015625,0.9959322933832749
4.50439453125,0.995954334727953
4.4921875,0.9959763163144914
4.47998046875,0.9959982369366172
4.4677734375,0.9960200974452217
4.45556640625,0.9960418969412904
4.443359375,0.9960636379437526
4.43115234375,0.9960853168659161
4.4189453125,0.9961069367562081
4.40673828125,0.9961284957103822
4.39453125,0.9961499944467103
4.38232421875,0.9961714328490296
4.3701171875,0.9961928110391767
4.35791015625,0.9962141294875909
4.345703125,0.9962353876673788
4.33349609375,0.9962565849988841
4.3212890625,0.9962777227106593
4.30908203125,0.9962987995247778
4.296875,0.9963198161438775
4.28466796875,0.9963407724543777
4.2724609375,0.9963616691500786
4.26025390625,0.9963825055403028
4.248046875,0.9964032816861743
4.23583984375,0.9964239970786578
4.2236328125,0.9964446521786045
4.21142578125,0.9964652476129217
4.19921875,0.9964857823075128
4.18701171875,0.9965062572822293
4.1748046875,0.9965266720310311
4.16259765625,0.9965470266134907
4.150390625,0.9965673204178775
4.13818359375,0.9965875545088357
4.1259765625,0.9966077283862816
4.11376953125,0.9966278421091728
4.1015625,0.9966478955687837
4.08935546875,0.9966678893740579
4.0771484375,0.9966878219340448
4.06494140625,0.9967076947904387
4.052734375,0.9967275074520897
4.04052734375,0.9967472599770316
4.0283203125,0.9967669528000871
4.01611328125,0.9967865849491823
4.00390625,0.9968061568614324
3.99169921875,0.9968256691314049
3.979491949081421,0.9968451211191064
3.96728515625,0.9968645111116607
3.955078125,0.9968838433919961
3.94287109375,0.9969031144393438
3.9306640625,0.9969223258521304
3.918456792831421,0.9969414770001956
3.906249761581421,0.9969605670930901
3.894043207168579,0.9969795982845799
3.881836175918579,0.9969985685449941
3.869629144668579,0.9970174792313476
3.857421875,0.9970363290992607
3.84521484375,0.9970551199609499
3.833008050918579,0.997073849799756
3.82080078125,0.9970925192534554
3.808593988418579,0.9971111293384325
3.79638671875,0.9971296790431203
3.7841796875,0.9971481687190554
3.77197265625,0.9971665987778494
3.759765863418579,0.9971849678501672
3.74755859375,0.9972032766127967
3.7353515625,0.9972215262640491
3.723144769668579,0.9972397154986716
3.710937738418579,0.9972578440294281
3.69873046875,0.9972759133068252
3.686523675918579,0.9972939217305603
3.674316644668579,0.9973118704073506
3.662109375,0.9973297598792511
3.64990234375,0.9973475888579162
3.6376953125,0.9973653568169174
3.625488519668579,0.9973830652756622
3.61328125,0.9974007139013344
3.60107421875,0.9974183025398029
3.588866949081421,0.9974358305249499
3.576659917831421,0.9974532990130608
3.564453125,0.9974707070919084
3.55224609375,0.9974880554423123
3.540038824081421,0.9975053441124604
3.52783203125,0.9975225720015064
3.515625,0.9975397392715447
3.503418207168579,0.9975568474784913
3.491210699081421,0.9975738958318188
3.47900390625,0.9975908835183712
3.466796636581421,0.9976078118682309
3.45458984375,0.9976246798895082
3.442382574081421,0.9976414876945201
3.43017578125,0.9976582356910368
3.41796875,0.9976749239804242
3.40576171875,0.9976915509127118
3.393554925918579,0.9977081188280428
3.38134765625,0.9977246269554437
3.369140863418579,0.9977410743785077
3.35693359375,0.9977574633299676
3.344726800918579,0.9977737907749892
3.33251953125,0.9977900583999303
3.320312738418579,0.9978062666411517
3.30810546875,0.9978224147077552
3.2958984375,0.9978385028613315
3.283691167831421,0.9978545309342488
3.271484375,0.9978704987902611
3.25927734375,0.9978864065755672
3.2470703125,0.9979022552072281
3.23486328125,0.9979180434192232
3.22265625,0.9979337716972606
3.210449457168579,0.9979494396520895
3.1982421875,0.9979650482447191
3.186034917831421,0.9979805969111545
3.173828125,0.9979960849657049
3.16162109375,0.9980115134052209
3.149414300918579,0.9980268819691417
3.13720703125,0.9980421907519933
3.125,0.9980574389092849
3.11279296875,0.9980726279601095
3.1005859375,0.9980877570222316
3.08837890625,0.9981028257269341
3.076172113418579,0.9981178346180071
3.06396484375,0.9981327837873335
3.0517578125,0.998147673514933
3.03955078125,0.9981625029027498
3.02734375,0.9981772720008127
3.01513671875,0.9981919815449656
3.0029296875,0.9982066308095432
2.99072265625,0.99822122092643
2.978515625,0.9982357503703491
2.96630859375,0.9982502202689189
2.9541015625,0.9982646306618554
2.94189453125,0.998278981152491
2.9296875,0.9982932709971946
2.91748046875,0.9983075013452289
2.9052734375,0.9983216721554521
2.89306640625,0.9983357830779845
2.880859375,0.9983498337688702
2.86865234375,0.9983638249285043
2.8564453125,0.9983777562114619
2.84423828125,0.9983916268960054
2.83203125,0.9984054386300811
2.81982421875,0.9984191903074252
2.8076171875,0.998432881972762
2.79541015625,0.9984465141184704
2.783203125,0.9984600858852346
2.77099609375,0.9984735983246682
2.7587890625,0.9984870509153915
2.74658203125,0.9985004435143261
2.734375,0.9985137762357419
2.72216796875,0.9985270491586979
2.7099609375,0.9985402625761067
2.69775390625,0.9985534157993193
2.685546875,0.9985665094152617
2.67333984375,0.9985795426694981
2.6611328125,0.9985925172879712
2.64892578125,0.9986054314461705
2.63671875,0.9986182857565585
2.62451171875,0.9986310802956146
2.6123046875,0.9986438151702641
2.60009765625,0.9986564901044933
2.587890625,0.9986691053805863
2.57568359375,0.998681661208869
2.5634765625,0.9986941565901358
2.55126953125,0.9987065926671687
2.5390625,0.9987189689775613
2.52685546875,0.9987312853377304
2.5146484375,0.9987435420918525
2.50244140625,0.9987557390559443
2.490234375,0.9987678762683874
2.47802734375,0.9987799538821914
2.4658203125,0.998791971550442
2.45361328125,0.9988039293304075
2.44140625,0.9988158278167035
2.42919921875,0.9988276662405362
2.4169921875,0.9988394450809209
2.40478515625,0.9988511641611457
2.392578125,0.9988628233575868
2.38037109375,0.9988744232995784
2.3681640625,0.9988859631881789
2.35595703125,0.9988974433487465
2.34375,0.9989088637851838
2.33154296875,0.9989202246419459
2.3193359375,0.9989315257969156
2.30712890625,0.9989427673928338
2.294921875,0.9989539492611695
2.28271484375,0.9989650712842529
2.2705078125,0.9989761336050887
2.25830078125,0.9989871362276167
2.24609375,0.9989980793066587
2.23388671875,0.9990089625435893
2.2216796875,0.999019786377199
2.20947265625,0.9990305503920301
2.197265625,0.9990412547266886
2.18505859375,0.9990518995319181
2.1728515625,0.999062484648278
2.16064453125,0.9990730099647096
2.1484375,0.9990834756168864
2.13623046875,0.9990938817522893
2.1240234375,0.9991042285004479
2.11181640625,0.9991145153224831
2.099609375,0.9991247426356494
2.08740234375,0.9991349102868703
2.0751953125,0.99914501804467
2.06298828125,0.9991550665532805
2.05078125,0.9991650553014009
2.03857421875,0.9991749844181088
2.0263671875,0.9991848538934357
2.01416015625,0.999194663894807
2.001953125,0.9992044142752613
1.9897459745407104,0.9992141049993697
1.9775390625,0.9992237360568358
1.96533203125,0.9992333077181216
1.9531248807907104,0.9992428196303592
1.9409180879592896,0.9992522720176095
1.9287109375,0.999261664862458
1.9165040254592896,0.9992709980344114
1.9042969942092896,0.9992802717210049
1.89208984375,0.9992894857841843
1.8798829317092896,0.9992986404539541
1.86767578125,0.9993077356083336
1.8554688692092896,0.9993167707616138
1.8432618379592896,0.9993257466830535
1.8310546875,0.9993346630012186
1.81884765625,0.9993435199153207
1.806640625,0.999352317026472
1.7944334745407104,0.9993610547901292
1.7822265625,0.9993697330606703
1.7700194120407104,0.9993783517250161
1.7578125,0.9993869107978935
1.7456053495407104,0.9993954103802934
1.7333983182907104,0.9994038504622148
1.7211912870407104,0.9994122311165821
1.708984375,0.9994205521616224
1.6967774629592896,0.9994288136952673
1.6845704317092896,0.9994370156763274
1.6723634004592896,0.9994451582552242
1.6601563692092896,0.9994532413107069
1.64794921875,0.9994612650586752
1.6357421875,0.9994692291131694
1.62353515625,0.9994771336683912
1.611328125,0.9994849787285606
1.59912109375,0.999492764608926
1.5869140625,0.9995004906892943
1.5747071504592896,0.9995081573185748
1.5625,0.9995157646170129
1.55029296875,0.9995233123654788
1.5380860567092896,0.999530800869093
1.52587890625,0.9995382297496366
1.513671875,0.9995455991963441
1.50146484375,0.9995529091829355
1.4892578125,0.9995601597136837
1.47705078125,0.9995673508817755
1.46484375,0.9995744825129399
1.45263671875,0.999581554798637
1.4404296875,0.9995885676439935
1.42822265625,0.9995955211392707
1.416015625,0.9996024151161115
1.40380859375,0.9996092497126469
1.3916015625,0.9996160248852485
1.37939453125,0.9996227407212528
1.3671875,0.9996293971041076
1.35498046875,0.999635994075184
1.3427734375,0.9996425316388178
1.33056640625,0.9996490099240816
1.318359375,0.9996554287289624
1.30615234375,0.9996617881824594
1.2939453125,0.9996680882442681
1.28173828125,0.9996743288757294
1.26953125,0.9996805102058565
1.25732421875,0.9996866321610341
1.2451171875,0.9996926948204304
1.23291015625,0.9996986981076231
1.220703125,0.9997046419902776
1.20849609375,0.9997105264696854
1.1962890625,0.9997163516677613
1.18408203125,0.9997221175550783
1.171875,0.9997278240519494
1.15966796875,0.9997334712378206
1.1474609375,0.999739059120003
1.13525390625,0.9997445876675443
1.123046875,0.9997500568054571
1.11083984375,0.9997554667604456
1.0986328125,0.9997608173554614
1.08642578125,0.9997661085884842
1.07421875,0.9997713405809544
1.06201171875,0.9997765132917011
1.0498046875,0.9997816266257094
1.03759765625,0.9997866807254411
1.025390625,0.9997916754861047
1.01318359375,0.9997966110530636
1.0009765625,0.9998014872626507
0.98876953125,0.9998063041845984
0.9765624403953552,0.999811061912001
0.96435546875,0.999815760277265
0.9521484971046448,0.9998203994640729
0.9399414658546448,0.9998249793377402
0.9277344346046448,0.9998294999790904
0.91552734375,0.9998339613482711
0.9033203125,0.999838363498438
0.89111328125,0.9998427063906588
0.87890625,0.9998469900357272
0.8666991591453552,0.9998512144554949
0.8544921875,0.9998553796444898
0.8422852158546448,0.9998594856017998
0.8300781846046448,0.9998635323426306
0.81787109375,0.9998675198765135
0.8056640625,0.9998714481661651
0.79345703125,0.9998753172596043
0.78125,0.9998791271395486
0.7690430283546448,0.9998828778127259
0.7568359375,0.9998865693169797
0.74462890625,0.9998902015997069
0.732421875,0.9998937747056716
0.72021484375,0.9998972886192431
0.7080078125,0.9999007433518282
0.69580078125,0.999904138912414
0.68359375,0.9999074753000966
0.67138671875,0.9999107525011802
0.6591796875,0.9999139705603973
0.64697265625,0.9999171294526311
0.634765625,0.9999202291790625
0.62255859375,0.9999232697559277
0.6103515625,0.9999262511872594
0.59814453125,0.9999291734770953
0.5859375,0.9999320366305033
0.57373046875,0.9999348406484575
0.5615234375,0.9999375855202322
0.54931640625,0.9999402712757429
0.537109375,0.9999428979014265
0.52490234375,0.9999454654195727
0.5126953125,0.9999479738164442
0.50048828125,0.9999504231051282
0.4882812201976776,0.999952813279946
0.4760742485523224,0.9999551443606755
0.4638672173023224,0.9999574163418933
0.45166015625,0.9999596292302454
0.439453125,0.9999617830327878
0.42724609375,0.9999638777585526
0.4150390923023224,0.9999659133867816
0.40283203125,0.9999678899509579
0.390625,0.9999698074390877
0.37841796875,0.999971665860924
0.3662109375,0.999973465214462
0.35400390625,0.9999752055133605
0.341796875,0.9999768867585934
0.32958984375,0.9999785089515485
0.3173828125,0.999980072096967
0.30517578125,0.9999815762013096
0.29296875,0.9999830212643757
0.28076171875,0.9999844072998428
0.2685546875,0.9999857343047863
0.25634765625,0.9999870022815464
0.2441406100988388,0.9999882112406712
0.2319336086511612,0.9999893611839141
0.2197265625,0.9999904521149033
0.2075195461511612,0.9999914840399042
0.1953125,0.9999924569601103
0.18310546875,0.9999933708825793
0.1708984375,0.9999942258104785
0.15869140625,0.999995021747589
0.146484375,0.9999957586995935
0.13427734375,0.9999964366695407
0.1220703050494194,0.9999970556634826
0.10986328125,0.999997615684931
0.09765625,0.9999981167378912
0.08544921875,0.9999985588269226
0.0732421875,0.9999989419564694
0.0610351525247097,0.9999992661311107
0.048828125,0.9999995313549309
0.03662109375,0.9999997376324975
0.0244140625,0.9999998849681629
