Freq, Coherency
19.9951171875,-0.387427125247616
19.98291015625,-0.3871808158801904
19.970703125,-0.3869325279186249
19.95849609375,-0.3866822862234419
19.9462890625,-0.38643004088811417
19.93408203125,-0.3861758165916923
19.921875,-0.3859196132271989
19.90966796875,-0.385661456473194
19.8974609375,-0.3854012689044721
19.88525390625,-0.3851391554917229
19.873046875,-0.38487506151572487
19.86083984375,-0.3846089618803905
19.8486328125,-0.3843408559341733
19.83642578125,-0.3840708239105793
19.82421875,-0.3837987854773898
19.81201171875,-0.38352476735902286
19.7998046875,-0.3832487695253543
19.78759765625,-0.3829708197006909
19.775390625,-0.38269086257374113
19.76318359375,-0.38240889754674634
19.7509765625,-0.38212500904203983
19.73876953125,-0.38183911264633147
19.7265625,-0.38155120778497537
19.71435546875,-0.38126138067558896
19.7021484375,-0.380969516030751
19.68994140625,-0.38067572999618254
19.677734375,-0.38037990572468944
19.66552734375,-0.3800821609525751
19.6533203125,-0.37978243709819426
19.64111328125,-0.3794806740126318
19.62890625,-0.379176991817842
19.61669921875,-0.37887130027086696
19.6044921875,-0.3785635988743578
19.59228515625,-0.3782539489324967
19.580078125,-0.3779423200507395
19.56787109375,-0.37762874363597276
19.5556640625,-0.37731315742808186
19.54345703125,-0.37699559265259364
19.53125,-0.37667601568069164
19.51904296875,-0.3763545260656151
19.5068359375,-0.3760310264439363
19.49462890625,-0.3757055488592615
19.482421875,-0.37537806081428765
19.47021484375,-0.37504866049056573
19.4580078125,-0.3747172500706986
19.44580078125,-0.374383862416145
19.43359375,-0.3740484977283192
19.42138671875,-0.3737111205730202
19.4091796875,-0.3733718022456151
19.39697265625,-0.37303054157979326
19.384765625,-0.3726872366754265
19.37255859375,-0.3723419899051161
19.3603515625,-0.3719948021062496
19.34814453125,-0.37164560446346817
19.3359375,-0.37129439457691943
19.32373046875,-0.370941211487403
19.3115234375,-0.3705860888310872
19.29931640625,-0.3702290630994225
19.287109375,-0.3698699567042652
19.27490234375,-0.3695088740740081
19.2626953125,-0.36914589218008437
19.25048828125,-0.36878086479371597
19.23828125,-0.3684139008541138
19.22607421875,-0.3680449644896725
19.2138671875,-0.3676740538511449
19.20166015625,-0.36730117365550763
19.189453125,-0.36692632208062376
19.17724609375,-0.3665494994905194
19.1650390625,-0.3661707040205006
19.15283203125,-0.3657899405114213
19.140625,-0.36540716896031294
19.12841796875,-0.36502250425833094
19.1162109375,-0.3646357529150791
19.10400390625,-0.3642471506502236
19.091796875,-0.36385654157824837
19.07958984375,-0.3634639232202922
19.0673828125,-0.3630693787268112
19.05517578125,-0.3626728672846436
19.04296875,-0.3622743893430548
19.03076171875,-0.36187390306838313
19.0185546875,-0.36147149329969075
19.00634765625,-0.3610670757211673
18.994140625,-0.3606607360156183
18.98193359375,-0.3602524728816207
18.9697265625,-0.3598421622681381
18.95751953125,-0.359429931635754
18.9453125,-0.3590157383771222
18.93310546875,-0.35859953906556774
18.9208984375,-0.35818142191255753
18.90869140625,-0.35776129935470086
18.896484375,-0.35733930251972934
18.88427734375,-0.3569152615826319
18.8720703125,-0.35648930080954455
18.85986328125,-0.3560613410499061
18.84765625,-0.3556314629597338
18.83544921875,-0.35519962971913055
18.8232421875,-0.35476579358772636
18.81103515625,-0.354330003124964
18.798828125,-0.3538922974348534
18.78662109375,-0.3534526390418174
18.7744140625,-0.3530110233871164
18.76220703125,-0.3525674120844923
18.75,-0.35212188878058825
18.73779296875,-0.35167437074141605
18.7255859375,-0.3512248975624062
18.71337890625,-0.35077352018738583
18.701171875,-0.35032018936237685
18.68896484375,-0.34986491110067947
18.6767578125,-0.349407635147848
18.66455078125,-0.3489484585319076
18.65234375,-0.3484872852007269
18.64013671875,-0.34802416413127396
18.6279296875,-0.3475591451289213
18.61572265625,-0.3470921774755553
18.603515625,-0.34662322066400647
18.59130859375,-0.34615236318400905
18.5791015625,-0.34567946774908515
18.56689453125,-0.34520477332837335
18.5546875,-0.34472803928620893
18.54248046875,-0.3442493634233846
18.5302734375,-0.3437687972446637
18.51806640625,-0.34328628836330405
18.505859375,-0.34280174383337764
18.49365234375,-0.34231536005726115
18.4814453125,-0.3418269872711167
18.46923828125,-0.3413367262849523
18.45703125,-0.34084453235091505
18.44482421875,-0.3403503512568015
18.4326171875,-0.33985423558990424
18.42041015625,-0.3393561861941332
18.408203125,-0.33885625669088126
18.39599609375,-0.33835434260338304
18.3837890625,-0.33785049736487266
18.37158203125,-0.33734472185006825
18.359375,-0.3368370169413854
18.34716796875,-0.3363274373151304
18.3349609375,-0.33581587649972816
18.32275390625,-0.3353024401463004
18.310546875,-0.33478702703443924
18.29833984375,-0.33426968905599175
18.2861328125,-0.3337504271395193
18.27392578125,-0.33322924222126693
18.26171875,-0.3327061904503155
18.24951171875,-0.33218121488019625
18.2373046875,-0.3316542145431829
18.22509765625,-0.3311254000276068
18.212890625,-0.33059461480564156
18.20068359375,-0.3300619123604086
18.1884765625,-0.32952724041841636
18.17626953125,-0.32899075976769193
18.1640625,-0.3284523116231477
18.15185546875,-0.32791195026121006
18.1396484375,-0.32736967670250133
18.12744140625,-0.3268254919753016
18.115234375,-0.3262793971155444
18.10302734375,-0.3257313931668158
18.0908203125,-0.32518153596425764
18.07861328125,-0.3246297171885274
18.06640625,-0.32407599250036295
18.05419921875,-0.3235203076215774
18.0419921875,-0.32296282969103657
18.02978515625,-0.32240339044087074
18.017578125,-0.32184205290981016
18.00537109375,-0.32127875880474793
17.9931640625,-0.32071367756433067
17.98095703125,-0.32014664198220577
17.96875,-0.3195777092947264
17.95654296875,-0.319006823773687
17.9443359375,-0.31843409672179784
17.93212890625,-0.31785947936050774
17.919921875,-0.317282912052275
17.90771484375,-0.3167045682473617
17.8955078125,-0.31612421560712717
17.88330078125,-0.3155420929882196
17.87109375,-0.3149580247546486
17.85888671875,-0.31437206990661504
17.8466796875,-0.3137841676255326
17.83447265625,-0.3131944429686729
17.822265625,-0.31260283533117117
17.81005859375,-0.31200922420609833
17.7978515625,-0.31141391321228395
17.78564453125,-0.3108166008106204
17.7734375,-0.31021747319480486
17.76123046875,-0.30961646880637667
17.7490234375,-0.30901352530362747
17.73681640625,-0.308408770972967
17.724609375,-0.30780207968472145
17.71240234375,-0.30719364113823316
17.7001953125,-0.30658327179393585
17.68798828125,-0.3059709687846679
17.67578125,-0.3053568624062559
17.66357421875,-0.3047408245964871
17.6513671875,-0.30412298645302993
17.63916015625,-0.3035032191425424
17.626953125,-0.3028815889898808
17.61474609375,-0.3022581631122496
17.6025390625,-0.3016328737987316
17.59033203125,-0.3010056673154712
17.578125,-0.30037666238374183
17.56591796875,-0.29974573896125656
17.5537109375,-0.2991130276423695
17.54150390625,-0.2984783965204135
17.529296875,-0.2978419135476817
17.51708984375,-0.2972036474641526
17.5048828125,-0.2965634652153793
17.49267578125,-0.29592143536149385
17.48046875,-0.29527762345103936
17.46826171875,-0.2946319709784928
17.4560546875,-0.29398440729797065
17.44384765625,-0.293335001777908
17.431640625,-0.29268375587845524
17.41943359375,-0.2920306710672276
17.4072265625,-0.29137581789809497
17.39501953125,-0.2907190598893039
17.3828125,-0.2900604674161753
17.37060546875,-0.289400041976142
17.3583984375,-0.28873785101928395
17.34619140625,-0.28807369822230605
17.333984375,-0.2874077829405679
17.32177734375,-0.28674010724642696
17.3095703125,-0.2860704732033495
17.29736328125,-0.2853991486775683
17.28515625,-0.2847259352031258
17.27294921875,-0.2840509010086769
17.2607421875,-0.28337404765848423
17.24853515625,-0.2826953767242115
17.236328125,-0.2820148897849219
17.22412109375,-0.2813326563644559
17.2119140625,-0.28064854236205716
17.19970703125,-0.2799624764954985
17.1875,-0.27927480976146574
17.17529296875,-0.27858526673096234
17.1630859375,-0.2778939173249155
17.15087890625,-0.27720076317403824
17.138671875,-0.27650573262257105
17.12646484375,-0.2758089737139493
17.1142578125,-0.27511041499694827
17.10205078125,-0.27441005813168895
17.08984375,-0.2737079006445698
17.07763671875,-0.27300388239317946
17.0654296875,-0.2722981367662346
17.05322265625,-0.2715906038566952
17.041015625,-0.27088128120967664
17.02880859375,-0.2701700955348008
17.0166015625,-0.2694571983443077
17.00439453125,-0.2687424411802587
16.9921875,-0.2680259763217738
16.97998046875,-0.2673077260836229
16.9677734375,-0.26658762898132704
16.95556640625,-0.26586582147665094
16.943359375,-0.2651422423184978
16.93115234375,-0.26441681252890814
16.9189453125,-0.26368960999822816
16.90673828125,-0.26296071337084703
16.89453125,-0.2622299708839238
16.88232421875,-0.26149746100993576
16.8701171875,-0.2607632629731298
16.85791015625,-0.26002722391562183
16.845703125,-0.2592894228902807
16.83349609375,-0.25854993533818077
16.8212890625,-0.2578086941883931
16.80908203125,-0.2570656185734865
16.796875,-0.2563207883174362
16.78466796875,-0.25557420527003655
16.7724609375,-0.25482587128828094
16.76025390625,-0.2540757882363572
16.748046875,-0.2533239579856395
16.73583984375,-0.25257038241468566
16.7236328125,-0.2518151385950846
16.71142578125,-0.25105800286217045
16.69921875,-0.2502992026735791
16.68701171875,-0.2495387404550774
16.6748046875,-0.24877646688471128
16.66259765625,-0.24801238336660278
16.650390625,-0.24724671997683312
16.63818359375,-0.24647925050377567
16.6259765625,-0.24570997183853047
16.61376953125,-0.24493904795137278
16.6015625,-0.2441664767880173
16.58935546875,-0.2433921066685921
16.5771484375,-0.24261593447429702
16.56494140625,-0.2418381256557035
16.552734375,-0.2410586005529473
16.54052734375,-0.24027727879021177
16.5283203125,-0.2394943269238815
16.51611328125,-0.2387096647727266
16.50390625,-0.23792321144207249
16.49169921875,-0.2371351345902681
16.4794921875,-0.23634527024904442
16.46728515625,-0.23555378680924743
16.455078125,-0.23476059854702971
16.44287109375,-0.23396563305256377
16.4306640625,-0.2331689758593486
16.41845703125,-0.23237069909895194
16.40625,-0.23157065079121283
16.39404296875,-0.23076899681618143
16.3818359375,-0.22996557040194374
16.36962890625,-0.22916045797956353
16.357421875,-0.22835366164779458
16.34521484375,-0.22754526873882583
16.3330078125,-0.2267351110892181
16.32080078125,-0.2259233566604515
16.30859375,-0.2251098461608815
16.29638671875,-0.22429466234979673
16.2841796875,-0.22347780736771802
16.27197265625,-0.22265928336210336
16.259765625,-0.22183909248734093
16.24755859375,-0.22101723690474126
16.2353515625,-0.22019371878253005
16.22314453125,-0.21936854029584166
16.2109375,-0.21854161646821105
16.19873046875,-0.2177132060782461
16.1865234375,-0.2168830596081378
16.17431640625,-0.2160512615430425
16.162109375,-0.21521772623832877
16.14990234375,-0.2143826314454874
16.1376953125,-0.21354589170718358
16.12548828125,-0.2127074208800238
16.11328125,-0.21186739777542327
16.10107421875,-0.21102564771795407
16.0888671875,-0.21018243414068502
16.07666015625,-0.2093373299399622
16.064453125,-0.2084908513277351
16.05224609375,-0.20764257003943512
16.0400390625,-0.20679275107307116
16.02783203125,-0.20594121773093566
16.015625,-0.2050880617110264
16.00341796875,-0.2042332853122957
15.991209983825684,-0.20337699938601847
15.979004859924316,-0.2025190380867323
15.966796875,-0.20165934753348477
15.95458984375,-0.20079819860371048
15.9423828125,-0.19993526951121482
15.930176734924316,-0.19907088721662475
15.917967796325684,-0.1982047842137415
15.905760765075684,-0.19733712856014743
15.8935546875,-0.19646794144793217
15.88134765625,-0.19559708951548538
15.869140625,-0.19472472974056526
15.85693359375,-0.19385069105438166
15.8447265625,-0.1929750624882093
15.83251953125,-0.19209775398473716
15.8203125,-0.19121895267748928
15.808106422424316,-0.19033854989220267
15.795897483825684,-0.1894564425663691
15.78369140625,-0.1885729692137903
15.771484375,-0.18768775824036488
15.75927734375,-0.1868010673942237
15.7470703125,-0.1859127123864393
15.734864234924316,-0.18502295225374918
15.72265625,-0.18413139346703764
15.71044921875,-0.18323842953117303
15.6982421875,-0.18234382113267028
15.686034202575684,-0.18144766801872086
15.673827171325684,-0.18054993970539673
15.66162109375,-0.17965072803796783
15.6494140625,-0.1787499900342671
15.63720703125,-0.17784760864566387
15.624999046325684,-0.17694370043690336
15.612792015075684,-0.17603822935939953
15.600586891174316,-0.17513126869664689
15.588377952575684,-0.17422266647219217
15.576172828674316,-0.1733125354959735
15.563963890075684,-0.17240086341717056
15.551756858825684,-0.17148771206810223
15.53955078125,-0.17057310378631738
15.527344703674316,-0.16965678222559377
15.51513671875,-0.16873907289191228
15.5029296875,-0.16781982329865228
15.49072265625,-0.16689895855916964
15.478516578674316,-0.16597674719589287
15.46630859375,-0.16505278143372595
15.4541015625,-0.1641275665954128
15.441893577575684,-0.16320058204834445
15.4296875,-0.16227223685681103
15.41748046875,-0.161342321900154
15.405274391174316,-0.1604109740066835
15.393065452575684,-0.15947809570543403
15.380859375,-0.15854366274320233
15.36865234375,-0.15760775737950752
15.3564453125,-0.15667036235000587
15.34423828125,-0.1557314803090995
15.332032203674316,-0.1547911873733963
15.31982421875,-0.1538493595162365
15.307618141174316,-0.15290601244330107
15.29541015625,-0.15196122930758016
15.283203125,-0.15101485269752574
15.27099609375,-0.15006710467490794
15.2587890625,-0.14911788839802798
15.246581077575684,-0.1481671267039034
15.234375953674316,-0.14721503596808194
15.222168922424316,-0.1462613306757796
15.2099609375,-0.14530628868195125
15.197752952575684,-0.14434959617997078
15.185546875,-0.1433916008694867
15.173338890075684,-0.14243200640831083
15.161131858825684,-0.141471141258569
15.14892578125,-0.1405088062066908
15.13671875,-0.1395449548714177
15.12451171875,-0.13857966507385694
15.1123046875,-0.13761293958768256
15.10009765625,-0.13664487746747225
15.087890625,-0.1356751926748652
15.07568359375,-0.1347040745399811
15.0634765625,-0.13373173070849764
15.05126953125,-0.13275777174973977
15.039063453674316,-0.1317824640071269
15.02685546875,-0.13080578753293096
15.0146484375,-0.1298275739352718
15.002442359924316,-0.1288480318687444
14.990234375,-0.12786711820529492
14.97802734375,-0.1268846869620646
14.9658203125,-0.12590084770907897
14.95361328125,-0.12491560908688677
14.94140625,-0.12392897395510313
14.92919921875,-0.12294094517934431
14.9169921875,-0.12195162400486916
14.90478515625,-0.12096081669962357
14.892579078674316,-0.11996860321268926
14.880370140075684,-0.11897507114374596
14.8681640625,-0.11798009627889645
14.855956077575684,-0.11698368260968071
14.843750953674316,-0.11598603570671775
14.831543922424316,-0.11498696175678715
14.819334983825684,-0.11398635807688198
14.80712890625,-0.11298453028599766
14.794921875,-0.11198135619337325
14.782715797424316,-0.11097670198798441
14.7705078125,-0.1099708404553188
14.75830078125,-0.10896349850595662
14.746094703674316,-0.10795488508234784
14.733887672424316,-0.10694484573972116
14.7216796875,-0.10593348367175308
14.70947265625,-0.10492075872706559
14.697266578674316,-0.10390667379867594
14.685057640075684,-0.10289111056275829
14.672852516174316,-0.10187443697374579
14.66064453125,-0.10085639810798634
14.6484375,-0.09983690382453035
14.63623046875,-0.09881619338187536
14.624024391174316,-0.09779413474900732
14.61181640625,-0.09677059891338559
14.599609375,-0.09574593618769293
14.58740234375,-0.09471985413790915
14.5751953125,-0.0936924635675037
14.56298828125,-0.09266386976636622
14.55078125,-0.09163387141783776
14.538573265075684,-0.0906024931865083
14.526366233825684,-0.08956989904574564
14.514161109924316,-0.08853596144811247
14.501954078674316,-0.0875008867052056
14.489747047424316,-0.08646442209815144
14.4775390625,-0.08542658633730488
14.46533203125,-0.08438745339911945
14.453125,-0.08334713962765132
14.440917015075684,-0.08230536626963461
14.4287109375,-0.08126248362565261
14.416504859924316,-0.08021822861280373
14.404296875,-0.0791727524673459
14.392090797424316,-0.07812596917562975
14.3798828125,-0.07707797110895792
14.36767578125,-0.07602869442775097
14.355467796325684,-0.07497818699962254
14.34326171875,-0.07392637854786768
14.331055641174316,-0.07287332938603519
14.318846702575684,-0.07181888815728339
14.306639671325684,-0.07076337698311679
14.29443359375,-0.06970659966042146
14.2822265625,-0.06864840035358521
14.27001953125,-0.06758918003960114
14.2578125,-0.06652862648634393
14.245606422424316,-0.06546682538002002
14.2333984375,-0.06440384783864923
14.22119140625,-0.06333962913819176
14.208984375,-0.06227408297024476
14.19677734375,-0.061207436727261706
14.184571266174316,-0.06013955252390972
14.172364234924316,-0.05907049169657859
14.160155296325684,-0.058000055067754686
14.14794921875,-0.05692856322853087
14.1357421875,-0.05585579164603345
14.123534202575684,-0.054781849983800125
14.111328125,-0.05370667279687639
14.09912109375,-0.05263033203274836
14.086915016174316,-0.05155289213095266
14.07470703125,-0.05047421128974479
14.0625,-0.04939421713225491
14.05029296875,-0.0483131631047362
14.0380859375,-0.04723082504350766
14.02587890625,-0.046147319895448104
14.013672828674316,-0.0450626278291557
14.001463890075684,-0.043976844657503115
13.9892578125,-0.04288983487101964
13.977049827575684,-0.041801717538839066
13.964842796325684,-0.04071242645670328
13.95263671875,-0.03962196486853868
13.9404296875,-0.03853037611775296
13.92822265625,-0.03743765319492145
13.916015625,-0.03634367787697946
13.903807640075684,-0.03524848295267365
13.891602516174316,-0.0341523046825749
13.87939453125,-0.03305496023114659
13.867186546325684,-0.03195649169528515
13.85498046875,-0.03085685555797586
13.8427734375,-0.029756234751333037
13.830567359924316,-0.028654251259740412
13.818359375,-0.027551210352212623
13.80615234375,-0.02644703193211102
13.793946266174316,-0.025341835585880094
13.78173828125,-0.024235592357462248
13.769530296325684,-0.023128025549810596
13.757323265075684,-0.022019451085660252
13.7451171875,-0.020909755872289385
13.73291015625,-0.019799003695041135
13.720703125,-0.018687167795513073
13.708495140075684,-0.01757415821715402
13.6962890625,-0.016460251931840433
13.68408203125,-0.015345068075316997
13.671875,-0.014228703140118835
13.65966796875,-0.013111493081763787
13.6474609375,-0.011993108829386243
13.635254859924316,-0.010873640817231847
13.623046875,-0.009753046183467009
13.61083984375,-0.008631492470582381
13.5986328125,-0.007508771131099587
13.58642578125,-0.006385115082193723
13.574219703674316,-0.005260399114594145
13.56201171875,-0.004134461767565217
13.5498046875,-0.00300757628641133
13.53759765625,-0.001879651788264781
13.525390625,-7.507050881896751E-4
13.513184547424316,3.7940990754793224E-4
13.5009765625,0.0015103798604440115
13.488770484924316,0.002642423045972948
13.476563453674316,0.003775569471248499
13.46435546875,0.0049097032699706306
13.452149391174316,0.0060448934023963445
13.439940452575684,0.007181128235225221
13.427734375,0.008318323925992492
13.415528297424316,0.009456523802039667
13.4033203125,0.01059578215349798
13.391114234924316,0.01173595966166967
13.378907203674316,0.012877106427475133
13.36669921875,0.014019438844463366
13.354491233825684,0.015162758042364388
13.34228515625,0.016306868561200758
13.330078125,0.017452040936077055
13.31787109375,0.018598303006816655
13.3056640625,0.019745530866709562
13.293456077575684,0.02089381042576137
13.281250953674316,0.022042894088403604
13.269043922424316,0.023192997816289973
13.256836891174316,0.024344052972013388
13.24462890625,0.0254961525538031
13.232421875,0.026649099835788222
13.22021484375,0.027803109059362716
13.2080078125,0.028958055475334272
13.195801734924316,0.0301138453833833
13.18359375,0.03127074540016024
13.171387672424316,0.03242851315409154
13.1591796875,0.03358726241733927
13.146971702575684,0.03474693772882808
13.134764671325684,0.035907553311987854
13.12255859375,0.037068990339053
13.110352516174316,0.0382313355265138
13.098145484924316,0.039394675868580815
13.0859375,0.04055913030743538
13.07373046875,0.04172426912202409
13.061522483825684,0.04289039934398891
13.04931640625,0.04405746938554356
13.037109375,0.04522528523325882
13.02490234375,0.04639433846436701
13.0126953125,0.04756391616137521
13.00048828125,0.0487346082782743
12.98828125,0.04990604918209741
12.97607421875,0.051078481349842414
12.9638671875,0.052251778035452584
12.95166015625,0.05342594247716408
12.939453125,0.054601073620697875
12.92724609375,0.055777065271535683
12.915040016174316,0.056953691423152916
12.90283203125,0.05813147060584366
12.890625,0.05931000748239585
12.87841796875,0.06048937604443978
12.8662109375,0.061669579522373244
12.85400390625,0.06285073828867999
12.841797828674316,0.06403263260447682
12.82958984375,0.06521553488028747
12.8173828125,0.06639916520115052
12.80517578125,0.06758349441412187
12.79296875,0.06876899564580963
12.78076171875,0.06995507080321414
12.768555641174316,0.07114209395637912
12.75634765625,0.07232986803440379
12.744139671325684,0.0735185575810729
12.73193359375,0.07470798085664153
12.7197265625,0.07589816189554274
12.70751953125,0.07708925436122913
12.6953125,0.07828112949524248
12.683104515075684,0.07947388341801354
12.670897483825684,0.08066731255278864
12.65869140625,0.0818616638065641
12.646484375,0.08305663882300227
12.63427734375,0.08425249601794607
12.6220703125,0.08544911318934602
12.60986328125,0.08664648651458133
12.597657203674316,0.08784464474826269
12.58544921875,0.08904373817855
12.5732421875,0.0902434831571964
12.56103515625,0.09144396911683282
12.548828125,0.09264531837858127
12.53662109375,0.09384715572667164
12.5244140625,0.09504996788323128
12.51220703125,0.09625350578253816
12.5,0.09745789203487899
12.48779296875,0.09866286991807932
12.4755859375,0.09986868857771407
12.46337890625,0.10107521767615514
12.451171875,0.10228233372679464
12.43896484375,0.10349051853334652
12.4267578125,0.10469903601769075
12.41455078125,0.10590849509553721
12.40234375,0.10711864535631252
12.39013671875,0.10832948290828097
12.3779296875,0.10954113105788699
12.36572265625,0.11075345884716674
12.353515625,0.11196646237289455
12.34130859375,0.11318013772845244
12.3291015625,0.11439436071872738
12.31689453125,0.11560961583885541
12.304688453674316,0.11682531632825477
12.292481422424316,0.11804176764737756
12.2802734375,0.119258973239295
12.26806640625,0.12047672544945702
12.255859375,0.12169525007698948
12.24365234375,0.12291441542703262
12.2314453125,0.12413434558869295
12.21923828125,0.1253547806298016
12.20703125,0.1265759727264345
12.19482421875,0.12779778990060725
12.1826171875,0.12902010715973858
12.17041015625,0.13024329092110667
12.158203125,0.13146720917944693
12.14599609375,0.13269149449186574
12.1337890625,0.13391650637034047
12.12158203125,0.13514224829404256
12.109375,0.1363685878056368
12.09716796875,0.13759552092749291
12.0849609375,0.13882304367889262
12.07275390625,0.14005115936453352
12.060546875,0.14128009996653176
12.04833984375,0.14250949678998676
12.036131858825684,0.14373944128368607
12.02392578125,0.14497001513001737
12.01171875,0.14620125050480035
11.99951171875,0.14743304779165406
11.9873046875,0.14866553225649448
11.97509765625,0.14989857073142063
11.962890625,0.1511321592018794
11.95068359375,0.1523661715331693
11.9384765625,0.15360109955889947
11.92626953125,0.15483644351419268
11.9140625,0.1560721992146612
11.90185546875,0.15730885912223752
11.8896484375,0.15854592282142788
11.87744140625,0.15978338612165705
11.865234375,0.1610214897875713
11.85302734375,0.16226023728641017
11.8408203125,0.16349949479209172
11.82861328125,0.1647392582549045
11.81640625,0.16597965366777706
11.80419921875,0.1672205470340508
11.7919921875,0.16846181152335551
11.77978515625,0.1697036885685765
11.767578125,0.1709463044982595
11.75537109375,0.1721891564978449
11.7431640625,0.17343260909307118
11.73095703125,0.17467666574470214
11.71875,0.1759211920738196
11.70654296875,0.17716631449790218
11.6943359375,0.1784117679861161
11.68212890625,0.17965768631231077
11.669921875,0.18090431185369743
11.65771484375,0.18215125614328131
11.6455078125,0.18339877641471244
11.63330078125,0.18464686870885366
11.62109375,0.185895267409344
11.60888671875,0.18714423001837727
11.5966796875,0.1883937525641643
11.58447265625,0.18964356914934166
11.572265625,0.19089393753707104
11.56005859375,0.19214472269545754
11.5478515625,0.19339605159672985
11.53564453125,0.1946476654326277
11.5234375,0.19589993857929233
11.51123046875,0.197152604717479
11.4990234375,0.1984055508314642
11.48681640625,0.19965914419030964
11.474609375,0.20091312568112418
11.46240234375,0.20216749116510052
11.4501953125,0.2034222365011287
11.43798828125,0.20467748900412963
11.42578125,0.20593311314750395
11.41357421875,0.20718911226537534
11.4013671875,0.20844559881580896
11.38916015625,0.2097024446269877
11.376953125,0.210959777189183
11.36474609375,0.21221746076856174
11.3525390625,0.2134754912022333
11.34033203125,0.2147339960809082
11.328125,0.21599283955206433
11.31591796875,0.21725214927083783
11.3037109375,0.2185116649581832
11.29150390625,0.21977175548556332
11.279296875,0.22103217555461974
11.26708984375,0.22229278903202826
11.2548828125,0.22355397257913787
11.24267578125,0.2248154656706966
11.23046875,0.2260772641176354
11.21826171875,0.22733949581727958
11.2060546875,0.22860202454987852
11.19384765625,0.2298649782687549
11.181640625,0.23112822068587266
11.16943359375,0.23239162293324928
11.1572265625,0.23365556235219645
11.14501953125,0.2349197779166248
11.1328125,0.2361843977131209
11.12060546875,0.2374492852915176
11.1083984375,0.23871456878847358
11.09619140625,0.23998011169188893
11.083984375,0.24124590978305277
11.07177734375,0.24251209127120807
11.0595703125,0.24377851955542842
11.04736328125,0.24504519798038937
11.03515625,0.2463123646189577
11.02294921875,0.24757964808506588
11.0107421875,0.24884728646220206
10.99853515625,0.2501151505828358
10.986328125,0.25138336880981815
10.97412109375,0.2526519369721664
10.9619140625,0.2539205856061934
10.94970703125,0.25518970839999633
10.9375,0.25645903586187546
10.92529296875,0.257728563742766
10.9130859375,0.25899829539035274
10.90087890625,0.26026846925292013
10.888671875,0.2615387132897348
10.87646484375,0.2628092659556789
10.8642578125,0.26407999784414943
10.85205078125,0.2653511703394806
10.83984375,0.26662238076362943
10.82763671875,0.26789389051331153
10.8154296875,0.2691656953717282
10.80322265625,0.2704376582274029
10.791015625,0.27170984126095715
10.77880859375,0.27298230668235945
10.7666015625,0.2742549173236445
10.75439453125,0.27552761005977744
10.7421875,0.2768006977461248
10.72998046875,0.2780739178527565
10.7177734375,0.27934739908676987
10.70556640625,0.2806210041952731
10.693359375,0.2818946700215019
10.68115234375,0.2831688349363515
10.6689453125,0.2844429266375411
10.65673828125,0.28571725047886043
10.64453125,0.2869919352513656
10.63232421875,0.28826653391497664
10.6201171875,0.28954141841987746
10.60791015625,0.29081645906521747
10.595703125,0.29209165155973127
10.58349609375,0.29336705816325304
10.5712890625,0.29464254147614993
10.55908203125,0.29591823031032266
10.546875,0.29719398724562146
10.53466796875,0.29846994110367914
10.5224609375,0.29974602101650755
10.51025390625,0.3010220972002077
10.498046875,0.3022984828655162
10.48583984375,0.30357491507729206
10.4736328125,0.30485152267324245
10.46142578125,0.3061282347577881
10.44921875,0.3074050470091347
10.43701171875,0.3086819551031601
10.4248046875,0.3099589547134311
10.41259765625,0.31123610809881147
10.400390625,0.31251321885570515
10.38818359375,0.3137905336239792
10.3759765625,0.31506792258052424
10.36376953125,0.3163454479760958
10.3515625,0.31762303888052923
10.33935546875,0.318900690950307
10.3271484375,0.3201783998397266
10.31494140625,0.32145622778806404
10.302734375,0.3227341038560067
10.29052734375,0.3240118982280821
10.2783203125,0.32528985747948114
10.26611328125,0.3265679183675825
10.25390625,0.3278460099478019
10.24169921875,0.3291241944355466
10.2294921875,0.33040233430986565
10.21728515625,0.33168055835647586
10.205078125,0.3329588621987111
10.19287109375,0.3342371748903648
10.1806640625,0.3355154293565981
10.16845703125,0.3367938093265921
10.15625,0.3380721261816094
10.14404296875,0.3393505636215814
10.1318359375,0.34062892146053025
10.11962890625,0.3419073322783927
10.107421875,0.3431857174072516
10.09521484375,0.34446414285667126
10.0830078125,0.345742604221135
10.07080078125,0.34702090139334035
10.05859375,0.3482993548593988
10.04638671875,0.34957769799522587
10.0341796875,0.3508561259344347
10.02197265625,0.35213443474302414
10.009765625,0.353412753021172
9.99755859375,0.35469107634399716
9.9853515625,0.3559693338052595
9.97314453125,0.3572475248706589
9.9609375,0.3585257038433554
9.94873046875,0.3598038701618686
9.9365234375,0.36108189036875904
9.92431640625,0.36236001419841
9.912109375,0.36363798694214544
9.89990234375,0.36491592541522244
9.8876953125,0.3661937000986067
9.87548828125,0.3674714980493654
9.86328125,0.3687493147835462
9.85107421875,0.37002702080562744
9.8388671875,0.3713046078027328
9.82666015625,0.37258194637658093
9.814453125,0.37385934840038465
9.80224609375,0.37513674688061616
9.7900390625,0.37641401241466116
9.77783203125,0.37769107423919107
9.765625,0.3789681191113697
9.75341796875,0.38024501769050056
9.7412109375,0.38152188644620505
9.72900390625,0.38279853757924587
9.716796875,0.38407515380778123
9.70458984375,0.385351601988149
9.6923828125,0.38662801014983644
9.68017578125,0.38790417896756874
9.66796875,0.38918029488622075
9.65576171875,0.3904562871638991
9.6435546875,0.39173203060224876
9.63134765625,0.3930077115201842
9.619140625,0.3942833175799223
9.60693359375,0.39555859522231324
9.5947265625,0.39683385904396423
9.58251953125,0.3981088477646168
9.5703125,0.39938387578331613
9.55810546875,0.40065861969719685
9.5458984375,0.4019331411518919
9.53369140625,0.40320755998876806
9.521484375,0.4044818094931066
9.50927734375,0.40575588513752325
9.4970703125,0.4070297163822358
9.48486328125,0.4083033686406267
9.47265625,0.40957689555080207
9.46044921875,0.41085016450794754
9.4482421875,0.41212324087160995
9.43603515625,0.41339611229217565
9.423828125,0.41466884403825716
9.41162109375,0.415941365620721
9.3994140625,0.4172136066189935
9.38720703125,0.418485632298571
9.375,0.419757430292186
9.36279296875,0.42102912767624456
9.3505859375,0.42230046831712487
9.33837890625,0.42357163337746817
9.326171875,0.424842556387909
9.31396484375,0.4261132327843768
9.3017578125,0.4273836580006557
9.28955078125,0.4286538931674396
9.27734375,0.42992374053043014
9.26513671875,0.43119345044632656
9.2529296875,0.4324628908543927
9.24072265625,0.43373205717725993
9.228515625,0.4350008831563903
9.21630859375,0.43626955316403776
9.2041015625,0.437537935298902
9.19189453125,0.438806024974872
9.1796875,0.44007381760386993
9.16748046875,0.4413413740806338
9.1552734375,0.4426085627402708
9.14306640625,0.44387550209726323
9.130859375,0.44514212598908065
9.11865234375,0.4464084952099206
9.1064453125,0.44767447827257806
9.09423828125,0.44894032026089553
9.08203125,0.45020570543752186
9.06982421875,0.45147081346350865
9.0576171875,0.4527356435793025
9.04541015625,0.4540000645302011
9.033203125,0.45526425959586647
9.02099609375,0.4565280975409128
9.0087890625,0.45779157767468004
8.99658203125,0.45905475267139295
8.984375,0.4603175566388255
8.97216796875,0.4615800500474847
8.9599609375,0.46284228933145916
8.94775390625,0.4641040213294714
8.935546875,0.4653654287565464
8.92333984375,0.4666265029703253
8.9111328125,0.467887243185922
8.89892578125,0.46914764468588765
8.88671875,0.4704076378464061
8.87451171875,0.4716672829037792
8.8623046875,0.4729265102854823
8.85009765625,0.474185384101867
8.837890625,0.4754438917538744
8.82568359375,0.4767019676814125
8.8134765625,0.4779597366989132
8.80126953125,0.4792170038109231
8.7890625,0.48047395059706
8.77685546875,0.4817304468762749
8.7646484375,0.4829866172166997
8.75244140625,0.48424232761515584
8.740234375,0.48549757735194926
8.72802734375,0.4867524829258914
8.7158203125,0.4880069789383468
8.70361328125,0.4892610606299766
8.69140625,0.4905147232388061
8.67919921875,0.4917678371556009
8.6669921875,0.49302070778503343
8.65478515625,0.49427308457986224
8.642578125,0.4955248985694931
8.63037109375,0.4967763943428397
8.6181640625,0.498027378176542
8.60595703125,0.49927791353639894
8.59375,0.5005280519106585
8.58154296875,0.5017776640991091
8.5693359375,0.5030268736104166
8.55712890625,0.5042756114901692
8.544921875,0.5055238128691141
8.53271484375,0.5067716571362016
8.5205078125,0.5080189513598597
8.50830078125,0.5092658186930451
8.49609375,0.510512190339756
8.48388671875,0.5117580614954472
8.4716796875,0.5130034313089642
8.45947265625,0.514248287060599
8.447265625,0.515492691638467
8.43505859375,0.5167366401193414
8.4228515625,0.517980063905174
8.41064453125,0.519222898501897
8.3984375,0.5204652584753396
8.38623046875,0.5217071428487429
8.3740234375,0.522948483161379
8.36181640625,0.5241892785472506
8.349609375,0.5254297026242004
8.33740234375,0.5266693856232184
8.3251953125,0.5279086913754338
8.31298828125,0.5291474286687183
8.30078125,0.5303855333384718
8.28857421875,0.5316231824800092
8.2763671875,0.532860311765916
8.26416015625,0.534096853057489
8.251953125,0.5353328646358279
8.23974609375,0.5365683415277419
8.2275390625,0.5378031566277476
8.21533203125,0.5390375453236944
8.203125,0.5402712664028312
8.19091796875,0.5415044919900106
8.1787109375,0.5427370951737939
8.16650390625,0.5439691339314932
8.154296875,0.5452006072460518
8.14208984375,0.5464315021658883
8.1298828125,0.547661817666704
8.11767578125,0.5488914860699318
8.10546875,0.5501206277607861
8.09326171875,0.5513491164055385
8.0810546875,0.552577064247976
8.06884765625,0.5538044076214576
8.056640625,0.5550311415067603
8.04443359375,0.5562572024545386
8.0322265625,0.557482702339256
8.02001953125,0.5587075776604764
8.0078125,0.5599318856666772
7.995604991912842,0.5611554842203802
7.9833984375,0.5623785302960629
7.97119140625,0.5636009190758842
7.958983898162842,0.5648227076443327
7.94677734375,0.5660437460644818
7.9345703125,0.5672641741803968
7.92236328125,0.568484057232625
7.91015625,0.5697032081444309
7.897948741912842,0.5709218530413365
7.8857421875,0.572139664782421
7.87353515625,0.5733568983292607
7.861328125,0.5745735030242778
7.84912109375,0.5757894119787071
7.836913585662842,0.5770046693800508
7.82470703125,0.5782191879540804
7.812499523162842,0.5794330899028318
7.800293445587158,0.5806463166367846
7.788086414337158,0.5818588547747027
7.775878429412842,0.583070760523829
7.763672351837158,0.5842819304039638
7.75146484375,0.5854923838393801
7.739258289337158,0.5867021238712075
7.72705078125,0.5879112717786888
7.71484375,0.5891196794607739
7.702637195587158,0.5903273417773699
7.6904296875,0.591534338942428
7.67822265625,0.59274064129464
7.666016101837158,0.5939461866275296
7.653809070587158,0.5951510590921161
7.6416015625,0.5963551964897238
7.62939453125,0.5975586179280993
7.617187976837158,0.5987612613997878
7.60498046875,0.5999631985512791
7.5927734375,0.6011644644570288
7.580565929412842,0.6023649647728723
7.568359375,0.6035646821873605
7.55615234375,0.6047637444202343
7.5439453125,0.6059619808126497
7.53173828125,0.6071595109442164
7.519531726837158,0.6083562730398598
7.50732421875,0.609552289843088
7.4951171875,0.6107474757662373
7.48291015625,0.611942041939999
7.470703125,0.6131357543979482
7.45849609375,0.6143286679919104
7.446289539337158,0.615520901198582
7.43408203125,0.6167122965957853
7.421875476837158,0.6179029008596061
7.409667491912842,0.6190928159654648
7.3974609375,0.6202818851489911
7.38525390625,0.6214701625491226
7.373047351837158,0.6226576150208376
7.36083984375,0.6238443124302679
7.348633289337158,0.6250302412868146
7.336426258087158,0.6262153603184994
7.32421875,0.6273996640150576
7.312012195587158,0.6285831271809088
7.2998046875,0.6297658625636121
7.28759765625,0.6309477936204948
7.275390625,0.6321287846337673
7.263183116912842,0.6333091017968728
7.250977039337158,0.6344883933950264
7.23876953125,0.6356670351311543
7.2265625,0.6368447814923948
7.21435546875,0.6380217329767863
7.2021484375,0.6391978250200431
7.18994140625,0.6403731107509378
7.177733898162842,0.6415475726719286
7.165527820587158,0.642721080104838
7.153319835662842,0.6438938848630938
7.14111328125,0.6450657823298028
7.12890625,0.6462367787468524
7.11669921875,0.6474069303212775
7.1044921875,0.6485762353373163
7.092285633087158,0.6497447036970041
7.080077648162842,0.650912328961764
7.06787109375,0.6520789587848796
7.0556640625,0.6532448193432181
7.043457508087158,0.6544097618736925
7.03125,0.6555738536296486
7.01904296875,0.6567370695058237
7.006836414337158,0.6578994035976626
6.99462890625,0.659060815495918
6.982421398162842,0.6602213800384246
6.97021484375,0.6613810030555789
6.9580078125,0.662539751177619
6.945801258087158,0.6636975879240752
6.933593273162842,0.664854519040865
6.92138671875,0.666010553857177
6.9091796875,0.6671657428176403
6.896973133087158,0.6683198902585987
6.884765148162842,0.6694732712797985
6.87255859375,0.6706256216886135
6.8603515625,0.6717770489744075
6.84814453125,0.6729275666895402
6.8359375,0.6740772130491514
6.82373046875,0.6752258280184299
6.8115234375,0.676373620205582
6.79931640625,0.6775204172712891
6.787109851837158,0.6786662286795979
6.77490234375,0.6798111717115448
6.7626953125,0.6809551209198268
6.75048828125,0.6820981592675859
6.738281726837158,0.6832401873172891
6.726074695587158,0.6843812807723518
6.7138671875,0.6855214894093358
6.70166015625,0.6866606171683246
6.689453601837158,0.6877988178573232
6.677245616912842,0.6889360881067988
6.6650390625,0.690072337136585
6.65283203125,0.6912076692678077
6.640625476837158,0.692341992738033
6.628418445587158,0.6934753348275409
6.6162109375,0.6946076891113877
6.60400390625,0.6957390711660048
6.591796875,0.6968694634658306
6.57958984375,0.6979988595149849
6.567382335662842,0.6991272418557972
6.555176258087158,0.7002545458431294
6.54296875,0.701381009339293
6.530761241912842,0.7025063443814717
6.5185546875,0.7036306766499754
6.50634765625,0.704754068213011
6.494140625,0.7058764175513293
6.48193359375,0.7069977181102256
6.4697265625,0.7081180180157877
6.457520008087158,0.7092372709376757
6.4453125,0.7103555384159177
6.43310546875,0.7114727411684677
6.420898914337158,0.7125888768401407
6.40869140625,0.7137040566314669
6.396484375,0.7148182099017191
6.384277820587158,0.7159312214636241
6.372069835662842,0.7170432455411391
6.35986328125,0.7181541941676303
6.34765625,0.7192640589675303
6.335448741912842,0.7203729450947718
6.3232421875,0.7214806663587132
6.31103515625,0.7225873905314626
6.298828601837158,0.7236930328841985
6.28662109375,0.7247976488278807
6.2744140625,0.7259011687972183
6.26220703125,0.7270035753025336
6.25,0.7281049059963784
6.23779296875,0.7292052112306366
6.2255859375,0.7303043285713676
6.21337890625,0.7314024547273313
6.201171875,0.7324994274838875
6.18896484375,0.7335953456061158
6.1767578125,0.7346901488209792
6.16455078125,0.7357838342688133
6.152344226837158,0.736876448906117
6.14013671875,0.7379679060032708
6.1279296875,0.7390582818013665
6.11572265625,0.74014755841597
6.103515625,0.7412356760097145
6.09130859375,0.7423226839072955
6.0791015625,0.743408613417987
6.06689453125,0.7444933182709349
6.0546875,0.745576985946116
6.04248046875,0.7466594571470825
6.0302734375,0.7477408280956773
6.018065929412842,0.7488210290782554
6.005859375,0.7499000357286393
5.99365234375,0.7509779559276148
5.9814453125,0.752054693215267
5.96923828125,0.753130291288995
5.95703125,0.7542046954296364
5.94482421875,0.7552780380645219
5.9326171875,0.7563500731738372
5.92041015625,0.7574209841525877
5.908203125,0.7584907672482806
5.89599609375,0.7595593170571021
5.8837890625,0.7606267645421461
5.87158203125,0.761692916598842
5.859375,0.7627579038831651
5.84716796875,0.7638217226110066
5.8349609375,0.7648843186245625
5.82275390625,0.7659457753813391
5.810546875,0.7670059883952651
5.79833984375,0.7680649997008349
5.7861328125,0.7691227509081331
5.77392578125,0.7701793337812821
5.76171875,0.7712346445533877
5.74951171875,0.772288815193193
5.7373046875,0.7733416923312536
5.72509765625,0.7743933669504647
5.712890625,0.7754438303331636
5.70068359375,0.7764929795989912
5.6884765625,0.7775408959117893
5.67626953125,0.7785876243202907
5.6640625,0.7796330575647803
5.65185546875,0.7806771917855153
5.6396484375,0.7817201512720158
5.62744140625,0.7827617743705436
5.615234375,0.7838021605332942
5.60302734375,0.7848412809719172
5.5908203125,0.7858791266874818
5.57861328125,0.7869156449168365
5.56640625,0.7879508900618789
5.55419921875,0.7889848817459798
5.5419921875,0.790017538393585
5.52978515625,0.7910489231632521
5.517578125,0.7920789787187618
5.50537109375,0.7931077006988473
5.4931640625,0.7941351421661869
5.48095703125,0.79516125061553
5.46875,0.7961860643252536
5.45654296875,0.7972094835234742
5.4443359375,0.7982316080797633
5.43212890625,0.7992524093402433
5.419921875,0.8002718540678774
5.40771484375,0.8012899327458436
5.3955078125,0.8023066828175879
5.38330078125,0.8033220475594898
5.37109375,0.804336022240214
5.35888671875,0.8053486576360062
5.3466796875,0.8063598835116861
5.33447265625,0.8073697735094028
5.322265625,0.8083783173667808
5.31005859375,0.8093853574926532
5.2978515625,0.8103910778335457
5.28564453125,0.8113953575005172
5.2734375,0.8123982555916629
5.26123046875,0.8133997159232299
5.2490234375,0.8143997333866209
5.23681640625,0.8153983337455191
5.224609375,0.8163955115372918
5.21240234375,0.8173912563661911
5.2001953125,0.8183855174413159
5.18798828125,0.8193783425817722
5.17578125,0.8203697261341298
5.16357421875,0.8213596349605456
5.1513671875,0.822348081034832
5.13916015625,0.8233349914874021
5.126953125,0.8243204578674141
5.11474609375,0.8253044295590236
5.1025390625,0.8262868958444376
5.09033203125,0.8272678485141708
5.078125,0.8282472717652677
5.06591796875,0.8292252015173172
5.0537109375,0.8302015631030146
5.04150390625,0.8311764067267224
5.029296875,0.8321497044017776
5.01708984375,0.8331214400169408
5.0048828125,0.8340916269043603
4.99267578125,0.835060232092562
4.98046875,0.8360272470889374
4.96826171875,0.8369926582437072
4.9560546875,0.837956516647218
4.94384765625,0.8389187296910491
4.931640625,0.839879364555145
4.91943359375,0.8408383744973064
4.9072265625,0.8417956866815534
4.89501953125,0.8427514477285746
4.8828125,0.8437054883875325
4.87060546875,0.8446578959291376
4.8583984375,0.8456086215436884
4.84619140625,0.8465576696201578
4.833984375,0.8475050127612771
4.82177734375,0.8484506761564267
4.8095703125,0.8493946087629674
4.79736328125,0.8503368225824793
4.78515625,0.8512773005895061
4.77294921875,0.8522160156351479
4.7607421875,0.8531529921811779
4.74853515625,0.8540882003222606
4.736328125,0.8550216103894136
4.72412109375,0.8559532285867347
4.7119140625,0.8568830608425771
4.69970703125,0.8578110774313058
4.6875,0.8587372488668991
4.67529296875,0.8596615783003847
4.6630859375,0.8605840565412693
4.65087890625,0.8615046716717886
4.638671875,0.8624233742915188
4.62646484375,0.8633401874145826
4.6142578125,0.864255084572465
4.60205078125,0.8651680683793325
4.58984375,0.8660791295741401
4.57763671875,0.8669881994934765
4.5654296875,0.8678953005858034
4.55322265625,0.8688004265225775
4.541015625,0.86970354022452
4.52880859375,0.8706046523017068
4.5166015625,0.8715036951285676
4.50439453125,0.8724006933986698
4.4921875,0.8732956518985112
4.47998046875,0.8741885199997028
4.4677734375,0.8750792396124165
4.45556640625,0.8759678815031043
4.443359375,0.8768543627692085
4.43115234375,0.877738691188874
4.4189453125,0.8786208391189643
4.40673828125,0.8795007895372579
4.39453125,0.8803785179494605
4.38232421875,0.8812540074708011
4.3701171875,0.8821272339232582
4.35791015625,0.8829981992585847
4.345703125,0.8838668579012713
4.33349609375,0.8847331990343235
4.3212890625,0.8855971777269294
4.30908203125,0.8864587961576849
4.296875,0.88731803111908
4.28466796875,0.8881748663058439
4.2724609375,0.8890292423355463
4.26025390625,0.8898811798162091
4.248046875,0.8907306351325853
4.23583984375,0.891577565203636
4.2236328125,0.8924219905864716
4.21142578125,0.893263832580564
4.19921875,0.8941031028779036
4.18701171875,0.8949397683891984
4.1748046875,0.8957738051938494
4.16259765625,0.8966051543110971
4.150390625,0.8974338219982205
4.13818359375,0.8982597791435954
4.1259765625,0.8990829854228034
4.11376953125,0.8999034184757916
4.1015625,0.9007210645032419
4.08935546875,0.9015358669153575
4.0771484375,0.9023478043726817
4.06494140625,0.9031568638464841
4.052734375,0.9039629901705313
4.04052734375,0.9047661630394938
4.0283203125,0.9055663532575096
4.01611328125,0.9063635272500167
4.00390625,0.9071576565498263
3.99169921875,0.9079487221657179
3.979491949081421,0.9087366660348197
3.96728515625,0.9095214487682782
3.955078125,0.9103030784951361
3.94287109375,0.9110814941284336
3.9306640625,0.9118566758294551
3.918456792831421,0.912628568504392
3.906249761581421,0.913397162109969
3.894043207168579,0.9141623890747473
3.881836175918579,0.9149242657702719
3.869629144668579,0.9156827217875892
3.857421875,0.9164377312019453
3.84521484375,0.9171892541950394
3.833008050918579,0.9179372620974651
3.82080078125,0.9186817250131083
3.808593988418579,0.9194225820659949
3.79638671875,0.9201598491388696
3.7841796875,0.9208934451367822
3.77197265625,0.9216233543680695
3.759765863418579,0.9223495390130847
3.74755859375,0.9230719605911315
3.7353515625,0.9237906091447071
3.723144769668579,0.9245054098531679
3.710937738418579,0.9252163412760204
3.69873046875,0.9259233906891013
3.686523675918579,0.9266265026466222
3.674316644668579,0.927325669903411
3.662109375,0.9280208279325821
3.64990234375,0.9287119748406399
3.6376953125,0.9293990455015574
3.625488519668579,0.9300820336418236
3.61328125,0.9307608940794455
3.60107421875,0.9314356183316409
3.588866949081421,0.9321061684396904
3.576659917831421,0.9327725025750777
3.564453125,0.9334345783564848
3.55224609375,0.934092411637463
3.540038824081421,0.934745947065659
3.52783203125,0.9353951660872325
3.515625,0.9360400303078065
3.503418207168579,0.9366805420211306
3.491210699081421,0.9373166684150837
3.47900390625,0.9379483727819846
3.466796636581421,0.938575640045389
3.45458984375,0.9391984720184913
3.442382574081421,0.9398168221888988
3.43017578125,0.9404306801031275
3.41796875,0.9410400377545847
3.40576171875,0.9416448688956833
3.393554925918579,0.9422451653895331
3.38134765625,0.9428409108888365
3.369140863418579,0.9434321013335275
3.35693359375,0.9440187262431199
3.344726800918579,0.9446007528832998
3.33251953125,0.9451782117680244
3.320312738418579,0.9457510747557598
3.30810546875,0.9463193435097365
3.2958984375,0.9468830088187827
3.283691167831421,0.9474420710696018
3.271484375,0.9479965254300405
3.25927734375,0.948546374395738
3.2470703125,0.9490916289301217
3.23486328125,0.9496322921081751
3.22265625,0.9501683486881918
3.210449457168579,0.9506998296168628
3.1982421875,0.9512267421158362
3.186034917831421,0.9517490826886157
3.173828125,0.9522668633497546
3.16162109375,0.9527800956932877
3.149414300918579,0.9532887982865662
3.13720703125,0.9537930040344981
3.125,0.954292692209628
3.11279296875,0.9547878940213386
3.1005859375,0.9552786455452644
3.08837890625,0.9557649535354221
3.076172113418579,0.9562468387819489
3.06396484375,0.9567243228018659
3.0517578125,0.9571974359797116
3.03955078125,0.9576661981990733
3.02734375,0.9581306229310567
3.01513671875,0.9585907601503043
3.0029296875,0.9590466207130288
2.99072265625,0.9594982427461943
2.978515625,0.9599456429355329
2.96630859375,0.9603888703316847
2.9541015625,0.9608279494413992
2.94189453125,0.9612629071740143
2.9296875,0.9616937680298169
2.91748046875,0.9621205831311845
2.9052734375,0.9625433811224936
2.89306640625,0.9629621968037725
2.880859375,0.9633770539679464
2.86865234375,0.9637880099565905
2.8564453125,0.9641950826240333
2.84423828125,0.9645983112149475
2.83203125,0.9649977463960729
2.81982421875,0.9653934159652232
2.8076171875,0.9657853476309647
2.79541015625,0.9661735960573619
2.783203125,0.9665581861600551
2.77099609375,0.9669391715847733
2.7587890625,0.9673165786635609
2.74658203125,0.9676904488810777
2.734375,0.9680608241884808
2.72216796875,0.9684277331009157
2.7099609375,0.9687912317631849
2.69775390625,0.9691513497934459
2.685546875,0.969508121552184
2.67333984375,0.9698615848551058
2.6611328125,0.9702118033274448
2.64892578125,0.9705587798930031
2.63671875,0.9709025741707398
2.62451171875,0.9712432165049858
2.6123046875,0.9715807489322972
2.60009765625,0.9719152057850998
2.587890625,0.9722466327763204
2.57568359375,0.9725750650022813
2.5634765625,0.9729005278343009
2.55126953125,0.9732230700830098
2.5390625,0.9735427269474672
2.52685546875,0.9738595319503843
2.5146484375,0.9741735196242435
2.50244140625,0.9744847316406842
2.490234375,0.9747931953566799
2.47802734375,0.9750989514145955
2.4658203125,0.975402035361331
2.45361328125,0.9757024702537868
2.44140625,0.9760003085063071
2.42919921875,0.9762955678181677
2.4169921875,0.9765882905179859
2.40478515625,0.9768785052555816
2.392578125,0.9771662444778356
2.38037109375,0.9774515402099835
2.3681640625,0.977734421117765
2.35595703125,0.978014923846418
2.34375,0.9782930760367707
2.33154296875,0.9785689118289412
2.3193359375,0.9788424564828788
2.30712890625,0.979113738992165
2.294921875,0.9793827919181619
2.28271484375,0.9796496391344832
2.2705078125,0.9799143161929617
2.25830078125,0.9801768432888132
2.24609375,0.980437252218589
2.23388671875,0.9806955702072215
2.2216796875,0.9809518265498031
2.20947265625,0.981206042231722
2.197265625,0.9814582455321754
2.18505859375,0.9817084616034691
2.1728515625,0.9819567175920039
2.16064453125,0.9822030363729188
2.1484375,0.9824474402423456
2.13623046875,0.9826899597764591
2.1240234375,0.9829306161208794
2.11181640625,0.9831694300821654
2.099609375,0.9834064255180703
2.08740234375,0.9836416293329084
2.0751953125,0.983875058341503
2.06298828125,0.9841067452904461
2.05078125,0.984336698710155
2.03857421875,0.984564950256678
2.0263671875,0.9847915166555397
2.01416015625,0.9850164178435394
2.001953125,0.9852396798898756
1.9897459745407104,0.9854613207312679
1.9775390625,0.985681357660166
1.96533203125,0.9858998181452897
1.9531248807907104,0.9861167133756414
1.9409180879592896,0.9863320711669211
1.9287109375,0.9865459034669554
1.9165040254592896,0.9867582365197848
1.9042969942092896,0.9869690855477543
1.89208984375,0.987178471742844
1.8798829317092896,0.9873864090513913
1.86767578125,0.987592922160703
1.8554688692092896,0.9877980234689456
1.8432618379592896,0.9880017351761057
1.8310546875,0.9882040753976034
1.81884765625,0.9884050598479069
1.806640625,0.9886047063864882
1.7944334745407104,0.9888030364184095
1.7822265625,0.9890000632186856
1.7700194120407104,0.98919580677425
1.7578125,0.989390279890059
1.7456053495407104,0.9895835054514357
1.7333983182907104,0.9897754979902197
1.7211912870407104,0.9899662768446246
1.708984375,0.9901558551616733
1.6967774629592896,0.990344249053665
1.6845704317092896,0.9905314808604994
1.6723634004592896,0.990717564171598
1.6601563692092896,0.9909025168895257
1.64794921875,0.991086355681879
1.6357421875,0.9912690939564798
1.62353515625,0.9914507522788542
1.611328125,0.9916313440542932
1.59912109375,0.9918108888948671
1.5869140625,0.9919893983607447
1.5747071504592896,0.99216689176995
1.5625,0.9923433867267675
1.55029296875,0.9925188951392229
1.5380860567092896,0.992693433897777
1.52587890625,0.9928670210585431
1.513671875,0.9930396669537458
1.50146484375,0.9932113891778832
1.4892578125,0.9933821997821225
1.47705078125,0.9935521146239529
1.46484375,0.9937211430962875
1.45263671875,0.9938892971128632
1.4404296875,0.9940565877241782
1.42822265625,0.9942230240523425
1.416015625,0.994388611408481
1.40380859375,0.9945533541055779
1.3916015625,0.9947172555694068
1.37939453125,0.9948803120363058
1.3671875,0.9950425172014703
1.35498046875,0.9952038605271316
1.3427734375,0.9953643236705096
1.33056640625,0.9955238826046805
1.318359375,0.9956825006437106
1.30615234375,0.9958401311632323
1.2939453125,0.9959967158085437
1.28173828125,0.9961521770873788
1.26953125,0.9963064175248262
1.25732421875,0.9964593144255321
1.2451171875,0.9966107189918834
1.23291015625,0.9967604461156475
1.220703125,0.9969082717052663
1.20849609375,0.9970539287649768
1.1962890625,0.9971971004679927
1.18408203125,0.9973374180760896
1.171875,0.9974744614597038
1.15966796875,0.9976077657642111
1.1474609375,0.9977368299726798
1.13525390625,0.9978611388805925
1.123046875,0.997980190082221
1.11083984375,0.9980935287640872
1.0986328125,0.9982007829398395
1.08642578125,0.9983016989350955
1.07421875,0.9983961635231615
1.06201171875,0.9984842145454632
1.0498046875,0.9985660312265616
1.03759765625,0.9986419130886868
1.025390625,0.9987122470542315
1.01318359375,0.998777474028554
1.0009765625,0.9988380563419228
0.98876953125,0.9988944521957225
0.9765624403953552,0.9989470976225459
0.96435546875,0.9989963932328647
0.9521484971046448,0.9990427002608737
0.9399414658546448,0.9990863376576601
0.9277344346046448,0.9991275841913979
0.91552734375,0.9991666812225258
0.9033203125,0.9992038359554855
0.89111328125,0.999239226502644
0.87890625,0.9992730043331076
0.8666991591453552,0.9993052992100473
0.8544921875,0.9993362217770404
0.8422852158546448,0.9993658663652846
0.8300781846046448,0.9993943140919571
0.81787109375,0.9994216343648604
0.8056640625,0.9994478869869735
0.79345703125,0.9994731239589593
0.78125,0.9994973903287436
0.7690430283546448,0.9995207257847313
0.7568359375,0.999543165723082
0.74462890625,0.9995647413919266
0.732421875,0.9995854817831763
0.72021484375,0.9996054131515913
0.7080078125,0.9996245603189743
0.69580078125,0.9996429467552835
0.68359375,0.9996605950368109
0.67138671875,0.9996775272729733
0.6591796875,0.9996937651264578
0.64697265625,0.9997093301176402
0.634765625,0.9997242438592783
0.62255859375,0.9997385277479407
0.6103515625,0.9997522033743534
0.59814453125,0.9997652921866409
0.5859375,0.9997778155998819
0.57373046875,0.9997897950432304
0.5615234375,0.9998012515568789
0.54931640625,0.999812205936151
0.537109375,0.9998226785415588
0.52490234375,0.999832689232235
0.5126953125,0.9998422572980391
0.50048828125,0.9998514013810891
0.4882812201976776,0.9998601393629978
0.4760742485523224,0.9998684884677753
0.4638672173023224,0.9998764650441119
0.45166015625,0.9998840846996595
0.439453125,0.9998913622067711
0.42724609375,0.999898311575709
0.4150390923023224,0.99990494596137
0.40283203125,0.9999112778064793
0.390625,0.9999173188391672
0.37841796875,0.9999230799778113
0.3662109375,0.9999285715525262
0.35400390625,0.9999338032066818
0.341796875,0.9999387839679511
0.32958984375,0.9999435223111967
0.3173828125,0.9999480261299648
0.30517578125,0.999952302874806
0.29296875,0.9999563594662308
0.28076171875,0.9999602024240396
0.2685546875,0.9999638378285501
0.25634765625,0.9999672714032021
0.2441406100988388,0.999970508498379
0.2319336086511612,0.9999735541475325
0.2197265625,0.9999764130802075
0.2075195461511612,0.9999790897400145
0.1953125,0.9999815883147875
0.18310546875,0.9999839127461492
0.1708984375,0.999986066758007
0.15869140625,0.9999880538620008
0.146484375,0.9999898773809163
0.13427734375,0.9999915404636106
0.1220703050494194,0.9999930460908529
0.10986328125,0.9999943970921902
0.09765625,0.9999955961578583
0.08544921875,0.9999966458485775
0.0732421875,0.9999975486001433
0.0610351525247097,0.999998306741492
0.048828125,0.9999989224943733
0.03662109375,0.9999993979846654
0.0244140625,0.999999735248616
0.01220703125,0.9999999362391023
